##PERIODIC:: 0.821373 0.821373 0.821373
0.371021 0.174716 0.307446 0.03
0.630363 0.725982 0.197334 0.03
0.792692 0.326594 0.146074 0.03
0.46541 0.498907 0.189539 0.03
0.0722118 0.705961 0.761306 0.03
0.405676 0.584361 0.153209 0.03
0.802597 0.0491432 0.789944 0.03
0.478169 0.0830404 0.586444 0.03
0.733622 0.489283 0.28988 0.03
0.363315 0.560539 0.522005 0.03
0.0011284 0.487445 0.0379206 0.03
0.385956 0.709484 0.363299 0.03
0.317136 0.0968614 0.182484 0.03
0.459387 0.0613306 0.679042 0.03
0.0464053 0.268939 0.286007 0.03
0.0715552 0.741363 0.645977 0.03
0.240201 0.159564 0.716054 0.03
0.585955 0.506541 0.708884 0.03
0.635098 0.660674 0.728814 0.03
0.451689 0.0534428 0.0864225 0.03
0.447417 0.646207 0.0263735 0.03
0.212237 0.121959 0.0711102 0.03
0.175976 0.539292 0.439866 0.03
0.758004 0.387142 0.673669 0.03
0.679299 0.031873 0.681371 0.03
0.140033 0.552847 0.516583 0.03
0.063056 0.497888 0.756047 0.03
0.0347822 0.0981018 -0.00481623 0.03
0.475823 0.392383 0.167124 0.03
0.64726 0.0686494 0.283132 0.03
0.433886 0.62984 0.607372 0.03
0.703902 0.0742465 0.0995887 0.03
0.0389972 0.260328 0.0368678 0.03
0.118694 0.689135 0.551059 0.03
0.0161708 0.0690036 0.622009 0.03
0.133077 0.791739 0.341284 0.03
0.377093 0.242433 0.811999 0.03
0.468225 0.813263 0.441435 0.03
0.665096 0.0124314 0.580118 0.03
0.554767 0.295417 0.295542 0.03
0.0374443 0.678096 0.33357 0.03
0.588343 0.087924 0.0130639 0.03
0.535264 0.264154 0.16042 0.03
0.308076 0.328782 0.652533 0.03
0.776595 0.757982 0.725735 0.03
0.17997 0.543308 0.319641 0.03
0.575983 0.570417 0.691824 0.03
0.809712 0.580576 0.354922 0.03
0.129385 0.446456 0.114085 0.03
0.584971 0.440872 0.712537 0.03
0.679174 0.782185 0.606843 0.03
0.141625 0.794959 0.00538343 0.03
0.364504 0.193943 0.698254 0.03
0.802604 0.277705 0.243931 0.03
0.462326 0.0346039 0.167466 0.03
0.15043 0.184713 0.421172 0.03
0.571839 0.110715 0.429358 0.03
0.681888 0.390832 0.288311 0.03
0.389845 0.155864 0.659461 0.03
0.672715 0.438438 0.017802 0.03
0.807824 0.356743 0.199114 0.03
0.216325 0.169562 0.194018 0.03
0.463851 0.527625 0.53605 0.03
0.811755 0.45028 0.367733 0.03
0.57713 0.205859 0.641684 0.03
0.647244 0.310216 0.394551 0.03
0.0623283 0.27884 0.22911 0.03
0.308477 0.644031 0.264193 0.03
0.305168 0.113265 0.408298 0.03
0.0939029 0.166288 0.415763 0.03
0.808678 0.788611 0.495728 0.03
0.0301439 0.293899 0.139942 0.03
0.170557 0.566846 0.588376 0.03
0.543489 0.22535 0.774347 0.03
0.801247 0.00714447 0.540425 0.03
0.290195 0.305145 0.317067 0.03
0.561602 0.476308 0.584183 0.03
0.117406 0.420997 0.369318 0.03
0.108399 0.572097 0.116276 0.03
0.755067 0.502574 0.344247 0.03
0.430781 0.235254 0.208523 0.03
0.707969 0.110475 0.341735 0.03
0.664849 0.751249 0.66496 0.03
0.476652 0.233757 0.640798 0.03
0.626919 0.546749 0.754392 0.03
0.173372 0.450942 0.154348 0.03
0.515119 0.50346 0.268651 0.03
0.693852 0.184884 0.45848 0.03
0.230684 0.778868 0.193263 0.03
0.110811 0.609311 0.0202089 0.03
0.53436 0.726979 0.129174 0.03
0.800073 0.338752 0.0658635 0.03
0.543342 0.593035 0.446796 0.03
0.210786 0.297246 0.00798169 0.03
0.109716 0.570761 0.252447 0.03
0.432111 0.760537 0.0590616 0.03
0.17923 0.68999 0.551352 0.03
0.77094 0.742905 0.571021 0.03
0.318156 0.262539 0.128803 0.03
0.824605 0.23768 0.186962 0.03
0.489146 0.61246 0.55012 0.03
0.660818 0.660863 0.176392 0.03
0.359288 0.610084 0.395637 0.03
0.594039 0.620605 0.23547 0.03
0.506397 0.500306 0.10841 0.03
0.571362 0.34042 0.26007 0.03
0.762393 0.572157 0.42437 0.03
0.489268 0.619215 0.727395 0.03
0.132135 0.434345 0.426001 0.03
0.486409 0.0262524 0.50158 0.03
0.324636 0.636426 0.531288 0.03
0.217163 0.546065 0.627568 0.03
0.193602 0.617939 0.263653 0.03
0.119344 0.545953 0.460806 0.03
0.285031 0.0310459 0.044458 0.03
0.503994 0.144029 0.613398 0.03
0.755121 0.0116796 0.037796 0.03
0.478164 0.32822 0.163409 0.03
0.431259 0.0696271 0.400563 0.03
0.130395 0.63735 0.506333 0.03
0.161018 0.473257 0.752245 0.03
0.0812812 0.635285 0.598217 0.03
0.161586 0.721538 0.290152 0.03
0.20454 0.247964 0.660766 0.03
0.511109 0.73915 0.799908 0.03
0.659731 0.728738 0.360507 0.03
0.168779 0.727758 0.710662 0.03
0.257956 0.729676 0.297147 0.03
0.333768 0.195257 0.439305 0.03
0.625055 0.161132 0.305915 0.03
0.560012 0.554629 0.144813 0.03
0.722536 0.606157 0.167636 0.03
0.425598 0.227042 0.142665 0.03
0.699918 0.769981 0.545634 0.03
0.0703068 0.788489 0.0979437 0.03
0.0783724 0.419587 0.132859 0.03
0.120114 0.684271 0.268206 0.03
0.154126 0.0457639 0.189862 0.03
0.647089 0.761914 0.295353 0.03
0.690722 0.579414 0.788869 0.03
0.231334 0.00411293 0.644894 0.03
0.648963 0.241732 0.576653 0.03
0.695772 0.0588672 0.230032 0.03
0.26619 0.78355 0.571497 0.03
0.398872 0.451118 0.0395615 0.03
0.655643 0.604397 0.434977 0.03
0.773496 0.295598 0.559603 0.03
0.679795 0.430055 0.523128 0.03
0.216426 0.0721982 0.128371 0.03
0.587232 0.190957 0.512322 0.03
0.536989 0.589035 0.187936 0.03
0.347391 0.526629 0.250421 0.03
0.688003 0.595104 0.239381 0.03
0.133486 0.223038 0.707072 0.03
0.510583 0.804472 0.357147 0.03
0.778655 0.811138 0.396399 0.03
0.272959 0.29904 0.693572 0.03
0.295478 0.557333 0.690558 0.03
0.102992 0.148798 0.330875 0.03
0.500859 0.342426 0.21779 0.03
0.271284 0.393641 0.486398 0.03
0.470741 0.135282 0.557997 0.03
0.249831 0.0404946 0.225883 0.03
0.334005 0.382929 0.738749 0.03
0.0457922 0.680155 0.672981 0.03
0.619745 0.0323375 0.374051 0.03
0.168219 0.479885 0.0831335 0.03
0.637832 0.379373 0.0921667 0.03
0.601949 0.806682 0.284118 0.03
0.389337 0.0248688 0.083053 0.03
0.0327145 0.651952 0.13656 0.03
0.808413 0.116984 0.581521 0.03
0.151022 0.228584 0.347455 0.03
0.698929 0.341856 0.153787 0.03
0.384564 0.549083 0.0501617 0.03
0.819239 0.555638 0.408484 0.03
0.356391 0.584946 0.627231 0.03
0.585756 0.386731 0.225175 0.03
0.71382 0.0948571 0.274976 0.03
0.203984 0.16892 0.252901 0.03
0.810615 0.751907 0.349219 0.03
0.795198 0.415514 0.0333943 0.03
0.0780131 0.448151 0.40497 0.03
0.721458 0.668545 0.667303 0.03
0.557573 0.0517089 0.791772 0.03
0.409969 0.447245 0.453456 0.03
0.628704 0.32582 0.0671406 0.03
0.627566 0.256327 0.377269 0.03
0.264812 0.739539 0.0707294 0.03
0.251166 0.790553 0.0116658 0.03
0.3652 0.432154 0.148139 0.03
0.22502 0.574945 0.172252 0.03
0.666761 0.512994 0.0583478 0.03
0.751175 0.227561 0.756742 0.03
0.208662 0.820656 0.2608 0.03
0.0906308 0.716851 0.0468074 0.03
0.650885 0.639707 0.00144585 0.03
0.287282 0.787053 0.515489 0.03
0.610975 0.0729095 0.532462 0.03
0.547185 0.736788 0.447159 0.03
0.565506 0.0696169 0.571166 0.03
0.0195904 0.392956 0.233405 0.03
0.735445 0.107256 0.161303 0.03
0.0883098 0.17287 0.742511 0.03
0.151589 0.201745 -0.00348164 0.03
0.700551 0.229516 0.286671 0.03
0.0505652 0.238311 0.628389 0.03
0.656602 0.112672 0.207016 0.03
0.554326 0.796188 0.218807 0.03
0.556634 0.712696 0.27134 0.03
0.804167 0.0433651 0.307586 0.03
0.657954 0.0935628 0.0663607 0.03
0.133101 0.631492 0.790585 0.03
0.759501 0.0847311 0.568953 0.03
0.207673 0.110478 0.266062 0.03
0.187278 0.696537 0.208936 0.03
0.414093 0.398513 0.234238 0.03
0.367503 0.776876 0.481776 0.03
0.117851 0.804072 0.13057 0.03
0.284656 0.507646 0.475514 0.03
0.0946776 0.496766 0.0166451 0.03
0.454217 0.622543 0.288411 0.03
0.389068 0.703404 0.507397 0.03
0.388933 0.389347 0.716399 0.03
0.228978 0.390491 0.291782 0.03
0.232209 0.0129204 0.347255 0.03
0.300901 0.80901 0.425592 0.03
0.0272026 0.230807 0.0876592 0.03
0.481218 0.485626 0.769435 0.03
0.190622 0.333445 0.0685846 0.03
0.479945 0.248589 0.177107 0.03
0.12362 0.376813 0.185201 0.03
0.765334 0.73093 0.631968 0.03
0.0199142 0.162605 0.561367 0.03
0.496141 0.097645 0.0826041 0.03
0.245008 0.169122 0.476581 0.03
0.511426 0.529859 0.375093 0.03
0.700698 0.0123238 0.628421 0.03
0.410947 0.246739 0.0660299 0.03
0.377177 0.438998 0.569274 0.03
0.294785 0.300676 0.797799 0.03
0.15427 0.131723 0.75396 0.03
0.497794 0.448937 0.183409 0.03
0.222226 0.703949 0.735816 0.03
0.300428 0.740672 0.815323 0.03
0.0781428 0.794061 0.685475 0.03
0.119872 0.0520339 0.07697 0.03
0.505833 0.767346 0.41634 0.03
0.537044 0.420603 0.508564 0.03
0.465789 0.682293 0.781477 0.03
0.653378 0.714016 0.143476 0.03
0.813382 0.699892 0.301019 0.03
0.752809 0.088948 0.0673623 0.03
0.633065 0.33079 0.21935 0.03
0.387191 0.691778 0.672259 0.03
0.399526 0.633566 0.768756 0.03
0.413663 0.735993 0.731799 0.03
0.729309 0.358328 0.272306 0.03
0.284378 0.718461 0.671583 0.03
0.270104 0.574569 0.639284 0.03
0.20735 0.647475 0.822647 0.03
0.15747 0.297289 0.310965 0.03
0.14868 0.306261 0.622293 0.03
0.350702 0.668896 0.584337 0.03
0.103937 0.0747613 0.204871 0.03
0.448057 0.197329 0.0890627 0.03
0.638118 0.314663 0.57183 0.03
0.043699 0.77397 0.735988 0.03
0.340043 0.242361 0.403177 0.03
0.621953 0.428821 0.203387 0.03
0.465131 0.250205 0.584378 0.03
0.567517 0.39954 0.782489 0.03
0.154699 0.544275 0.815607 0.03
0.465292 0.109048 0.448305 0.03
0.161052 0.253994 0.425657 0.03
0.627801 0.40084 0.655283 0.03
0.607283 0.691 0.34707 0.03
0.719637 0.401098 0.573911 0.03
0.550499 0.250922 0.01802 0.03
0.258008 0.62566 0.162558 0.03
0.539422 0.365292 0.742226 0.03
0.197854 0.507733 0.274403 0.03
0.262809 0.409627 0.112934 0.03
0.470461 0.772789 0.552912 0.03
0.527212 0.719935 0.047109 0.03
0.791484 0.684744 0.734469 0.03
0.753372 0.36776 0.729714 0.03
0.771613 0.540364 0.157071 0.03
0.0617148 0.0873322 0.419653 0.03
0.393695 0.123603 0.766351 0.03
0.44112 0.523355 0.118158 0.03
0.355152 0.0506159 0.179587 0.03
0.276136 0.685918 0.811951 0.03
0.230401 0.189491 0.809452 0.03
0.226764 0.419247 0.669348 0.03
0.012785 0.393599 0.68491 0.03
0.65063 0.499046 0.823937 0.03
0.472573 0.282056 0.302672 0.03
0.236984 0.662443 0.453819 0.03
0.561135 0.134929 0.0793083 0.03
0.255192 0.454206 0.424664 0.03
0.318505 0.583207 0.4302 0.03
0.6819 0.677919 0.0382691 0.03
0.0225267 0.626234 0.206319 0.03
0.188936 0.408718 0.584247 0.03
0.445517 0.137807 0.496897 0.03
0.676337 0.188597 0.567161 0.03
0.796885 0.77577 0.671793 0.03
0.258508 0.0757849 0.41275 0.03
0.38964 0.0751084 0.223014 0.03
0.0986587 0.597255 0.386859 0.03
0.550005 0.762336 0.0835111 0.03
0.0535413 0.459717 0.619697 0.03
0.312867 0.444167 0.608624 0.03
0.547522 0.475661 0.487859 0.03
0.328018 0.707726 0.379889 0.03
0.554543 0.268345 0.629217 0.03
0.030339 0.538829 0.0685782 0.03
0.587446 0.0706561 0.626877 0.03
0.296471 0.765905 0.362636 0.03
0.755603 0.619161 0.240723 0.03
0.269011 0.642968 0.644784 0.03
0.665088 0.558008 0.380977 0.03
0.811435 0.185377 0.0998111 0.03
0.0924858 0.700658 0.484305 0.03
0.663954 0.142866 0.0333821 0.03
0.241527 0.766654 0.639643 0.03
0.34955 0.530893 0.780226 0.03
0.482592 0.718501 0.158646 0.03
0.730567 0.187435 0.795949 0.03
0.414455 0.403297 0.172718 0.03
0.155098 0.595816 0.305343 0.03
0.276727 0.424212 0.304661 0.03
0.103197 0.197631 0.365593 0.03
0.81767 0.731179 0.821619 0.03
0.559511 0.709057 0.636604 0.03
0.180302 0.238709 0.0702555 0.03
0.772022 0.649196 0.17703 0.03
0.638968 0.253142 0.0788187 0.03
0.0108198 0.410671 0.518951 0.03
0.761879 0.000588672 0.318869 0.03
0.68618 0.0193427 0.0558282 0.03
0.625654 0.514768 0.247844 0.03
0.61943 0.643226 0.0710468 0.03
0.214036 0.762576 0.0500032 0.03
0.746088 0.703061 0.209332 0.03
0.315437 0.245232 0.659082 0.03
0.0919153 0.682571 0.634644 0.03
0.481324 0.190781 0.138324 0.03
0.0458921 0.0292204 0.357441 0.03
0.69479 0.566755 0.132063 0.03
0.541599 0.622699 0.264334 0.03
-0.0171956 0.770694 0.197286 0.03
0.26101 0.0864007 0.527473 0.03
0.654832 0.0709216 0.572752 0.03
0.406467 0.336673 0.349929 0.03
0.0781628 0.236873 0.808893 0.03
0.79803 0.653851 0.36899 0.03
0.321995 0.626745 0.806259 0.03
0.459713 0.707739 0.628931 0.03
0.0948788 0.286794 0.604414 0.03
0.778927 0.335802 0.00463991 0.03
0.439323 0.780907 0.00310764 0.03
0.693452 0.669767 0.268225 0.03
0.372835 0.724443 0.82125 0.03
0.152973 0.133835 0.515271 0.03
0.585769 0.821924 0.437534 0.03
0.739013 0.322735 0.653174 0.03
0.830264 0.679422 0.241307 0.03
0.554156 0.161141 0.0179275 0.03
0.227333 0.566883 0.569645 0.03
0.689907 0.515922 0.643974 0.03
0.328696 0.770283 0.760661 0.03
0.137039 0.39114 0.0366108 0.03
0.543905 0.0545511 0.0794105 0.03
0.317737 0.3422 0.201483 0.03
0.13813 0.115709 0.232139 0.03
0.741261 0.302372 0.254951 0.03
0.682131 0.259766 0.134745 0.03
0.0666792 0.563723 0.429237 0.03
0.522424 0.2011 0.180486 0.03
0.0747805 0.17202 0.126035 0.03
0.79065 0.193201 0.552791 0.03
0.101843 0.788001 0.540314 0.03
0.376153 0.778815 0.117996 0.03
0.587539 0.684431 0.205104 0.03
0.526479 0.599455 0.350285 0.03
0.45571 0.361234 0.0563697 0.03
0.350099 0.565554 0.712811 0.03
0.223829 0.276797 0.230237 0.03
0.726159 0.623473 0.450058 0.03
0.498469 0.436832 0.551933 0.03
0.708392 0.630661 0.763765 0.03
0.623481 0.515126 0.372275 0.03
0.592544 0.205193 0.434013 0.03
0.381954 0.282124 0.353914 0.03
0.318124 0.215774 0.517792 0.03
0.528757 0.0766644 0.617894 0.03
0.229284 0.645781 0.0580749 0.03
0.284749 0.20172 0.0100781 0.03
0.534785 0.475631 0.364602 0.03
0.317795 0.304842 0.485654 0.03
0.126021 0.20399 0.102183 0.03
0.459265 0.67613 0.121731 0.03
0.800426 0.780949 0.297893 0.03
0.417231 0.813451 0.635294 0.03
0.226665 0.31642 0.600254 0.03
0.718568 0.723989 0.484418 0.03
0.27738 0.512074 0.411897 0.03
0.00851706 0.0847573 0.0482136 0.03
0.537141 0.683541 0.538061 0.03
0.589627 0.756417 0.128077 0.03
0.344847 0.154083 0.533227 0.03
0.664049 0.0597246 0.630711 0.03
0.519616 0.263012 0.334089 0.03
0.535197 0.391497 0.392449 0.03
0.774601 0.283769 0.316953 0.03
0.46863 0.660171 0.666128 0.03
0.0660387 0.422459 0.26607 0.03
0.333762 0.638863 0.639564 0.03
0.403498 0.774819 0.531351 0.03
0.67152 0.223714 0.181582 0.03
0.509439 0.517759 0.0170285 0.03
0.126893 0.738954 0.51506 0.03
0.342852 0.399788 0.274638 0.03
0.431739 0.767062 0.453661 0.03
0.448255 0.463459 0.60909 0.03
0.075446 0.356655 0.763904 0.03
0.742731 0.533721 0.0353382 0.03
0.420888 0.747954 0.153996 0.03
0.181752 0.0718037 0.550383 0.03
0.418571 0.812052 0.764602 0.03
0.577718 0.243712 0.70153 0.03
0.358671 0.054944 0.6634 0.03
0.429169 0.502321 0.00147966 0.03
0.182473 0.263578 0.486959 0.03
0.427771 0.0294536 0.216189 0.03
0.370419 0.37984 0.110166 0.03
0.444421 0.787927 0.279743 0.03
0.418439 0.536173 0.387549 0.03
0.374816 0.308341 0.273691 0.03
0.306265 0.0807715 0.0185123 0.03
0.392041 0.651533 0.00412882 0.03
0.309841 0.772564 0.61095 0.03
0.663665 0.510147 0.719258 0.03
0.787056 0.47598 0.196881 0.03
0.723717 0.769847 0.206192 0.03
0.364885 0.764996 0.232841 0.03
0.514071 0.758212 0.711963 0.03
0.523267 0.594212 0.595932 0.03
0.799265 0.370935 0.350118 0.03
0.616797 0.297232 0.495196 0.03
0.0943507 0.491342 0.589316 0.03
0.466368 0.806395 0.22731 0.03
0.229568 0.373693 0.00665238 0.03
0.276416 0.269846 0.521541 0.03
0.642045 0.784226 0.553325 0.03
0.0259902 0.317485 0.314544 0.03
0.44971 0.436635 0.662688 0.03
0.167374 0.269158 0.799208 0.03
0.241148 0.645607 0.216525 0.03
0.0307172 0.660286 0.618195 0.03
0.25339 0.265997 0.581541 0.03
0.819594 0.0719548 0.73625 0.03
0.627458 0.735952 0.754127 0.03
0.0695736 0.303676 0.656145 0.03
0.113841 0.19327 0.0424553 0.03
0.572632 0.659485 0.104973 0.03
0.424159 0.448332 0.746182 0.03
0.607993 0.551806 0.586848 0.03
0.0164446 0.370104 0.742426 0.03
0.0771347 0.365806 0.288128 0.03
0.20842 0.41142 0.343576 0.03
0.104661 0.644123 0.423594 0.03
0.58724 0.422814 0.59136 0.03
0.614725 0.121565 0.641821 0.03
0.568603 0.77127 0.732884 0.03
0.767295 0.177474 0.48941 0.03
0.300557 -0.00615924 0.809572 0.03
0.104895 0.236276 0.412143 0.03
0.670197 0.498959 0.181896 0.03
0.300541 0.77613 0.669991 0.03
0.0747009 0.352298 0.587804 0.03
0.0293357 0.128617 0.45707 0.03
0.35709 0.222653 0.0763165 0.03
0.367306 0.700284 0.286847 0.03
0.601753 0.496209 0.195869 0.03
0.362988 0.222073 0.136033 0.03
0.127709 0.350433 0.316344 0.03
0.100163 0.221307 0.657317 0.03
0.790804 0.399911 0.138263 0.03
0.526033 0.312477 0.459316 0.03
0.756752 0.472841 0.537288 0.03
0.474607 0.372923 0.769574 0.03
0.656319 0.106543 0.512396 0.03
0.203587 0.185019 0.756083 0.03
0.282205 0.237506 0.0878868 0.03
0.80155 0.108856 0.794384 0.03
0.789929 0.436349 0.691224 0.03
0.259212 0.578829 0.436806 0.03
0.0283327 0.328541 0.790607 0.03
0.417567 0.287245 0.821208 0.03
0.352097 0.230049 0.56494 0.03
0.696162 0.365494 0.532179 0.03
0.189582 0.663507 0.706025 0.03
0.518354 0.0752872 0.196682 0.03
0.204261 0.0545006 0.625356 0.03
0.663186 0.187692 0.117287 0.03
0.724671 0.0550763 0.39729 0.03
0.327811 0.124219 0.283945 0.03
0.0990153 0.677745 0.807036 0.03
0.173909 0.368446 0.28244 0.03
0.0163039 0.546049 0.521598 0.03
0.809736 0.288772 0.0975555 0.03
0.120729 0.380491 0.449466 0.03
0.731398 0.684931 0.150809 0.03
0.674071 0.486459 0.345925 0.03
0.0107725 0.617275 0.516756 0.03
0.799961 0.574895 0.745425 0.03
0.545153 0.624858 0.533517 0.03
0.587459 0.663017 0.396242 0.03
0.509437 0.410954 0.646515 0.03
0.439065 0.196992 0.499397 0.03
0.0897993 0.679777 0.0991204 0.03
0.213605 0.260511 0.724389 0.03
0.0299647 0.295268 0.386077 0.03
0.71765 0.811678 0.47469 0.03
0.40698 0.527073 0.498356 0.03
0.427785 0.596051 0.33524 0.03
0.475769 0.640646 0.36077 0.03
0.0252032 0.155103 0.0105427 0.03
0.663846 0.272453 0.313255 0.03
0.355123 0.00548825 0.44358 0.03
0.178727 0.0757329 0.441232 0.03
0.465492 0.498929 0.400697 0.03
0.628211 0.575016 0.253827 0.03
0.504995 0.0781895 0.259692 0.03
0.703248 0.0462379 0.494873 0.03
0.505414 0.170468 0.490575 0.03
0.215698 0.161489 0.626132 0.03
0.278669 0.126239 0.672989 0.03
0.00529204 0.296784 0.721868 0.03
0.478246 0.107341 0.309494 0.03
0.112928 0.0191212 0.700457 0.03
0.125392 0.487032 0.197602 0.03
0.385032 0.625422 0.709574 0.03
0.400099 0.024887 0.30362 0.03
0.23946 0.66251 0.393791 0.03
0.821641 0.740563 0.147996 0.03
0.350307 0.500048 0.510887 0.03
0.164776 0.468906 0.243111 0.03
0.0133373 0.819829 0.604846 0.03
0.197688 0.0143024 0.546601 0.03
0.325485 0.579881 0.11843 0.03
0.283118 0.596155 0.289757 0.03
0.12724 0.496805 0.539538 0.03
0.64571 0.678285 0.393948 0.03
0.0804474 0.129355 0.239869 0.03
0.567046 0.146464 0.252248 0.03
0.521328 0.202005 0.61631 0.03
0.175781 0.371965 0.700441 0.03
0.00221178 0.0921035 0.337071 0.03
0.475465 0.00640996 0.774511 0.03
0.323772 0.730122 0.0711784 0.03
0.778966 0.586172 0.551614 0.03
0.233038 0.0184502 0.0715973 0.03
0.0477088 0.796304 0.332254 0.03
0.0559316 0.759762 0.158949 0.03
0.0881904 0.0215816 0.438751 0.03
0.197683 0.726376 0.597269 0.03
0.802423 0.539607 0.620958 0.03
0.480021 0.766324 0.663395 0.03
0.573393 0.405309 0.348524 0.03
0.460868 0.416018 0.111371 0.03
0.663311 0.174271 0.804129 0.03
0.516069 0.065228 0.698139 0.03
0.504262 0.468256 0.629874 0.03
0.345404 0.817157 0.0450812 0.03
0.300352 0.587677 0.181314 0.03
0.678683 0.439076 0.181244 0.03
0.572962 0.0437307 0.496982 0.03
0.174272 0.362517 0.429952 0.03
0.0804757 0.264622 0.700153 0.03
0.337943 0.458856 0.704531 0.03
0.00914287 0.312824 0.552961 0.03
0.740994 0.15443 0.717426 0.03
0.0186002 0.579637 0.290005 0.03
0.281893 0.305508 0.0776539 0.03
0.358821 0.286416 0.661698 0.03
0.0286245 0.133889 0.125325 0.03
0.725182 0.792559 0.128983 0.03
0.661051 0.304522 0.631768 0.03
0.791362 0.530114 0.706461 0.03
0.622615 0.395689 0.381327 0.03
0.010793 0.44462 0.262302 0.03
0.302843 0.359844 0.797425 0.03
0.347526 0.106868 0.709658 0.03
0.376118 0.575919 0.443455 0.03
0.392071 0.323268 0.584134 0.03
0.292565 0.278439 0.406016 0.03
0.441801 0.31729 0.616816 0.03
0.563054 0.456785 0.172368 0.03
0.0275162 0.602076 0.631261 0.03
0.787595 0.18999 0.7278 0.03
0.0306249 0.784976 0.650202 0.03
0.737628 0.155982 0.253968 0.03
0.264168 0.15629 0.770762 0.03
0.174862 0.791693 0.777113 0.03
0.494688 0.152088 0.758603 0.03
0.349899 0.340026 0.330215 0.03
0.757534 0.0965628 0.493665 0.03
0.691672 0.356329 0.619812 0.03
0.787612 0.216729 0.65622 0.03
0.787939 0.570968 0.255764 0.03
0.16373 0.201847 0.53386 0.03
0.75916 0.615014 0.80432 0.03
0.0313289 0.0384346 0.820913 0.03
0.705325 0.272256 0.192643 0.03
0.305791 0.489471 0.0343175 0.03
0.21137 0.675046 0.259455 0.03
0.144556 0.00504625 0.233018 0.03
0.663753 0.349089 0.788291 0.03
0.174596 0.28352 0.194592 0.03
0.646185 0.156042 0.720386 0.03
0.422447 0.499909 0.569224 0.03
0.69436 0.573837 0.614427 0.03
0.0341845 0.761712 0.521423 0.03
0.702322 0.399306 0.382959 0.03
0.598345 0.344284 0.400207 0.03
0.0601869 0.604105 0.250081 0.03
0.19283 0.789785 0.338799 0.03
0.143482 0.12498 0.418036 0.03
0.2173 0.4253 0.517872 0.03
0.036385 0.682169 0.188218 0.03
0.182021 0.791981 0.639202 0.03
0.0421982 0.793711 0.796733 0.03
0.740637 0.432071 0.267377 0.03
0.642019 -0.00262056 0.417406 0.03
0.0560041 0.331115 0.198044 0.03
0.477497 0.131014 0.366785 0.03
0.347143 0.753479 0.538309 0.03
0.0730092 0.754809 0.42502 0.03
0.681256 0.353797 0.417978 0.03
0.434993 0.590461 0.537548 0.03
0.0893819 0.537841 0.641984 0.03
0.312496 0.715436 0.316926 0.03
0.597864 0.161202 0.372893 0.03
0.159242 0.67869 0.394217 0.03
0.0534949 -0.00441583 0.560591 0.03
0.0554117 0.328219 0.713876 0.03
0.640283 0.0842705 0.774325 0.03
0.319428 0.0464929 0.707731 0.03
0.292818 0.653186 0.761141 0.03
0.402691 0.697035 0.221017 0.03
0.811384 0.669326 0.790058 0.03
0.794338 0.416675 0.19552 0.03
0.175593 0.569726 0.702277 0.03
0.432602 0.472995 0.350941 0.03
0.384994 0.691612 0.771962 0.03
0.747127 0.206752 0.0546283 0.03
0.362565 0.369626 0.666363 0.03
0.644531 0.603206 0.17662 0.03
0.0216076 0.80309 0.135826 0.03
0.22051 0.36178 0.485615 0.03
0.0163029 0.326643 0.244185 0.03
0.321519 0.793961 0.262064 0.03
0.287675 0.637934 0.0467915 0.03
0.114188 0.128525 0.109237 0.03
0.344946 0.198385 0.0228983 0.03
0.284724 0.154069 0.613643 0.03
0.0976624 0.596605 0.325932 0.03
0.464148 0.564494 0.182842 0.03
0.61879 0.733142 -0.00707791 0.03
0.0244969 0.480551 0.110044 0.03
0.0761648 0.0471301 0.54076 0.03
0.7769 0.494044 0.591155 0.03
0.247916 0.266583 0.443972 0.03
0.161189 0.0896028 0.360845 0.03
0.528393 0.739911 0.316635 0.03
0.154236 0.723375 0.354794 0.03
0.134602 0.649273 0.326165 0.03
0.339757 0.163033 0.743282 0.03
0.326485 0.0353385 0.400075 0.03
0.193165 0.487464 0.475855 0.03
0.805153 0.214406 0.779334 0.03
0.757027 0.0421021 0.520634 0.03
0.370031 0.539543 0.135926 0.03
0.607109 0.182273 0.785478 0.03
0.208956 0.821281 0.474281 0.03
0.427639 0.804867 0.10261 0.03
0.165607 0.451852 0.549729 0.03
0.776152 0.511864 0.76124 0.03
0.0425842 0.689671 0.567609 0.03
0.208401 0.36313 0.183482 0.03
0.213166 0.0175745 0.700486 0.03
0.80305 0.38499 0.634388 0.03
0.691662 0.791124 0.322717 0.03
0.695371 0.650236 0.616404 0.03
0.216442 0.156081 0.310158 0.03
0.0108512 0.688516 0.487408 0.03
0.173482 0.80985 0.427571 0.03
0.0298959 0.0643825 0.68316 0.03
0.718851 0.65807 0.361883 0.03
0.27435 0.769341 0.735971 0.03
0.315465 0.102935 0.595271 0.03
0.781086 0.0575323 0.177052 0.03
0.434449 0.352774 0.728122 0.03
0.656068 0.733386 0.581439 0.03
0.714133 -0.00112386 0.415314 0.03
0.234518 0.37739 0.711312 0.03
0.808485 0.47851 0.456462 0.03
0.729819 0.0492895 0.14744 0.03
0.228831 0.223327 0.256737 0.03
0.634865 0.248996 0.0178603 0.03
0.654051 0.713649 0.446013 0.03
0.616016 0.301942 0.334737 0.03
0.0510852 0.213033 0.533392 0.03
0.075932 0.703654 0.371606 0.03
0.320733 0.530634 0.0795627 0.03
0.284741 0.495118 0.64247 0.03
0.533189 0.205463 0.34296 0.03
0.0638576 0.528 0.552871 0.03
0.227193 0.018926 0.809626 0.03
0.104061 0.302112 0.0569712 0.03
0.783912 0.278007 0.0447324 0.03
0.381721 0.584452 0.0982928 0.03
0.42619 0.081584 0.811779 0.03
0.560911 0.0335493 0.669235 0.03
0.500522 0.240364 0.111031 0.03
0.780351 0.431028 0.414963 0.03
0.248909 0.201727 0.674529 0.03
0.0811896 0.141503 0.484115 0.03
0.637544 0.472406 0.522175 0.03
0.597711 0.288504 0.750277 0.03
0.296175 0.558155 0.244191 0.03
0.0991605 0.351835 0.23412 0.03
0.318462 0.454444 0.33505 0.03
0.272272 0.283749 0.635787 0.03
0.736065 0.338957 0.437928 0.03
0.593778 0.380953 0.701903 0.03
0.467632 0.211856 0.69837 0.03
0.465907 0.244503 0.256194 0.03
0.644082 0.531457 0.533318 0.03
0.814297 0.0649427 0.22998 0.03
0.581686 0.606044 0.490568 0.03
0.126954 0.316486 0.781376 0.03
0.299989 0.0700226 0.0906501 0.03
0.288123 0.703935 0.729612 0.03
0.736917 0.609877 0.592764 0.03
0.488615 0.605189 0.64437 0.03
0.114869 0.246801 0.227465 0.03
0.181494 0.461158 0.363029 0.03
0.405833 0.533762 0.261699 0.03
0.42774 0.66696 0.727136 0.03
0.608459 0.361016 0.328477 0.03
0.709371 -0.011941 0.80935 0.03
0.167356 0.690225 0.12858 0.03
0.665198 0.721109 0.513185 0.03
0.688889 0.197232 0.0372069 0.03
0.332181 0.426437 0.0676991 0.03
0.181873 0.093512 0.00867671 0.03
0.469525 0.1074 0.184447 0.03
0.80664 0.638542 0.466612 0.03
0.734421 0.459369 0.174049 0.03
0.519797 0.549159 0.685288 0.03
0.263206 0.174336 0.259897 0.03
0.80592 0.452675 0.808957 0.03
0.147891 0.778604 0.686232 0.03
0.282768 0.167676 0.059169 0.03
0.584707 0.80414 0.647961 0.03
0.312791 0.709781 0.437898 0.03
0.224883 0.3243 0.306075 0.03
0.0418844 0.304675 0.473299 0.03
0.499298 0.500786 0.579891 0.03
0.632702 0.815348 0.0457561 0.03
0.52389 0.792613 0.776079 0.03
0.395203 0.0318187 0.545338 0.03
0.551061 0.414142 0.0843672 0.03
0.193848 0.595638 0.47464 0.03
0.267992 0.539021 0.194607 0.03
0.00721191 0.0871963 0.156007 0.03
0.395042 0.0870972 0.0641688 0.03
0.363098 0.246825 0.726504 0.03
0.608829 0.255635 0.651679 0.03
0.544149 0.183031 0.71419 0.03
0.655798 0.774265 0.140591 0.03
0.58522 0.604091 0.405785 0.03
0.654953 0.297585 0.172491 0.03
0.328492 0.37263 0.617244 0.03
0.218731 0.481836 0.0511287 0.03
0.107776 0.493006 0.366484 0.03
0.194194 0.202594 0.699355 0.03
0.565586 0.258603 0.420303 0.03
0.0148578 0.347864 0.442171 0.03
0.801018 0.777808 0.0559484 0.03
0.664588 0.664596 0.337205 0.03
0.794544 0.228751 0.359717 0.03
0.565759 0.301647 0.691688 0.03
0.464567 0.371785 0.462947 0.03
0.272156 0.0387539 0.618163 0.03
0.313958 0.0672243 0.3048 0.03
0.34823 0.815624 0.714133 0.03
0.400033 0.182779 0.779198 0.03
0.564879 0.557498 0.369089 0.03
0.595878 0.796434 0.589619 0.03
0.708997 0.466336 0.791781 0.03
0.641468 0.43893 0.098307 0.03
0.769849 0.110604 0.626679 0.03
0.168176 0.0400564 0.501353 0.03
0.133735 0.719064 0.0884308 0.03
0.279469 0.389457 0.381352 0.03
0.478943 0.322141 0.0166795 0.03
0.227606 0.108905 0.769547 0.03
0.286559 0.140022 0.533018 0.03
0.777104 0.0970692 0.264477 0.03
0.608916 0.327569 0.0105848 0.03
0.375102 0.218489 0.494806 0.03
0.158097 0.537637 0.198061 0.03
0.105705 0.29294 0.390936 0.03
0.621656 0.594715 0.035741 0.03
0.463998 0.353495 0.346947 0.03
0.697243 0.391429 0.668009 0.03
0.459601 0.193579 0.565859 0.03
0.22241 0.712976 0.134351 0.03
0.290117 0.107651 0.734968 0.03
0.726944 0.221593 0.492737 0.03
0.780004 0.594176 0.63104 0.03
0.558701 0.222823 0.124167 0.03
0.426947 0.149206 0.264786 0.03
0.775763 0.22789 0.458425 0.03
0.414415 0.807415 0.406229 0.03
0.719161 0.51203 0.149593 0.03
0.262934 0.210047 0.412619 0.03
0.0267388 0.780957 0.386307 0.03
0.784585 0.27693 0.759402 0.03
0.456088 0.108201 0.716268 0.03
0.345057 0.0548512 0.763462 0.03
0.76666 0.787716 0.244504 0.03
0.0731037 0.486612 0.669546 0.03
0.0428285 0.454947 0.494571 0.03
0.461086 0.68932 0.232742 0.03
0.715653 0.113958 0.217442 0.03
0.599942 0.0587289 0.439457 0.03
0.757262 0.24119 0.540771 0.03
0.512055 0.0559557 0.314866 0.03
0.74788 0.339477 0.108691 0.03
0.0637268 0.404735 0.0261808 0.03
0.0887503 0.493236 0.493741 0.03
0.685211 0.764136 0.739672 0.03
0.262724 0.329624 0.397593 0.03
0.220115 0.496818 0.400602 0.03
0.580832 0.654079 0.62596 0.03
0.698366 0.151273 0.298842 0.03
0.81548 0.239604 0.288068 0.03
0.733367 0.585329 0.0640455 0.03
0.721559 0.609851 0.28916 0.03
0.70932 0.655233 0.497872 0.03
0.173436 0.803521 0.152549 0.03
0.136527 0.371664 0.546575 0.03
0.713139 0.695665 0.811884 0.03
0.474181 0.623271 0.786502 0.03
0.278586 0.522384 0.771713 0.03
0.265494 0.115161 0.251118 0.03
0.346137 0.497848 0.426483 0.03
0.63524 0.600166 0.780595 0.03
0.0466431 0.630385 0.418412 0.03
0.290787 0.466605 0.191796 0.03
0.187996 0.639153 0.42853 0.03
0.792018 0.11892 0.449854 0.03
0.689598 0.587931 0.48139 0.03
0.280148 0.0304383 0.487094 0.03
0.137806 0.0140584 0.546979 0.03
0.192979 0.735069 0.656354 0.03
0.515542 0.402245 0.455629 0.03
0.284641 0.385917 0.0269302 0.03
0.326452 0.0957113 0.533768 0.03
0.722566 0.218547 0.231554 0.03
0.345238 0.663915 0.417485 0.03
0.213633 0.459093 0.207722 0.03
0.762722 0.186584 0.38757 0.03
0.331818 0.688221 0.0246721 0.03
0.466047 0.458549 0.0184768 0.03
0.109374 0.344144 0.0100133 0.03
0.0363623 0.13953 0.638236 0.03
0.0225406 0.195865 0.659869 0.03
0.507947 0.325361 0.542041 0.03
0.469247 0.083969 0.506348 0.03
0.195778 0.779874 0.722237 0.03
0.736403 0.140955 0.453636 0.03
0.208707 0.791696 0.58573 0.03
0.619459 0.156154 0.225178 0.03
0.0938322 0.012342 0.32431 0.03
0.789804 0.693762 0.0379891 0.03
0.263579 0.119964 0.137227 0.03
0.277044 0.608397 0.715822 0.03
0.694503 0.354201 0.2184 0.03
0.121384 0.555661 0.0447247 0.03
0.384654 0.608252 0.493194 0.03
0.0363738 0.812894 0.0551219 0.03
0.217979 0.50954 0.675039 0.03
0.173633 0.385888 0.642156 0.03
0.665195 0.61201 0.661657 0.03
0.330276 0.386458 0.485072 0.03
0.123056 0.063481 0.313119 0.03
0.520861 0.0115668 0.0434275 0.03
0.550328 0.468146 0.0442142 0.03
0.0247953 0.780648 0.44962 0.03
0.832247 0.596782 0.0820022 0.03
0.135529 0.0593266 0.620495 0.03
0.121724 0.629234 0.0987586 0.03
0.0991676 0.435221 0.314189 0.03
0.73205 0.549004 0.49792 0.03
0.741365 0.110828 0.790782 0.03
0.789984 0.325852 0.484194 0.03
0.194526 0.311195 0.452892 0.03
0.120348 0.526105 0.15267 0.03
0.412432 0.789035 0.199351 0.03
0.425826 0.287321 0.422579 0.03
0.0977106 0.273117 0.460384 0.03
0.46206 0.282807 0.127771 0.03
0.39239 0.633017 0.650495 0.03
0.226572 0.375077 0.616491 0.03
0.637364 0.778391 0.229457 0.03
0.228056 0.012299 0.152467 0.03
0.697126 0.7296 0.311405 0.03
0.279516 0.471678 0.0951467 0.03
0.493654 0.778926 0.0730219 0.03
0.254591 0.384616 0.542935 0.03
0.397595 0.326442 0.110928 0.03
0.0530927 0.746933 0.0110596 0.03
0.108245 0.227616 0.295606 0.03
0.273191 0.454057 0.68447 0.03
0.259307 0.437863 0.24051 0.03
0.555468 0.0112538 0.561692 0.03
0.439662 0.0941121 0.632915 0.03
0.644204 0.56367 0.699392 0.03
0.105695 0.107949 0.374698 0.03
0.176373 0.530834 0.0483328 0.03
0.594356 0.140988 0.155579 0.03
0.362867 0.428612 0.366331 0.03
0.0107319 0.509601 0.27073 0.03
0.165689 0.0306039 0.664652 0.03
0.537196 0.0886109 0.749122 0.03
0.115329 0.615272 0.200738 0.03
0.0665974 0.416018 0.767849 0.03
0.627568 0.640443 0.473616 0.03
0.672537 0.205291 0.392621 0.03
0.676403 0.471503 0.288113 0.03
0.748809 0.221587 0.603828 0.03
-0.000508467 0.128949 0.289943 0.03
0.384691 0.19024 0.181943 0.03
0.198637 0.167509 0.0344611 0.03
0.556745 0.779119 0.0228384 0.03
0.106766 0.105981 0.686834 0.03
0.615232 0.454206 0.333167 0.03
0.221383 0.614098 0.694929 0.03
0.097585 0.135717 0.629809 0.03
0.705247 0.446468 0.4716 0.03
0.266042 0.632327 0.585863 0.03
0.618256 0.814228 0.49366 0.03
0.309219 0.691252 0.62446 0.03
0.341205 0.804716 0.374023 0.03
0.779932 0.484234 0.137556 0.03
0.401553 0.388669 0.479053 0.03
0.352012 0.722645 0.732687 0.03
0.465414 0.185468 0.0331525 0.03
0.040531 0.482937 0.225587 0.03
0.717056 0.650669 0.207336 0.03
0.416953 0.0929655 0.558644 0.03
0.476471 0.0719376 0.360166 0.03
0.732829 0.396664 0.77966 0.03
0.541963 0.404249 0.015188 0.03
0.135519 0.697943 0.178786 0.03
0.439559 0.618844 0.188392 0.03
0.494755 0.724508 0.527377 0.03
0.287536 0.0594348 0.787311 0.03
0.734178 0.189502 0.652869 0.03
0.774705 0.704114 0.346637 0.03
0.586688 0.724541 0.0555791 0.03
0.37978 0.294657 0.51536 0.03
0.600583 0.196849 0.176424 0.03
0.530687 0.699951 0.190039 0.03
0.59638 0.033214 0.138743 0.03
0.746479 0.679726 0.605888 0.03
0.161106 0.163183 0.33497 0.03
0.616847 0.564994 0.315842 0.03
0.385728 0.645344 0.191387 0.03
0.530463 0.325498 0.0471594 0.03
0.649575 0.16238 0.173876 0.03
0.430496 0.709088 0.0193762 0.03
0.151916 0.689524 0.62464 0.03
0.318286 0.49792 0.294023 0.03
0.744716 0.186688 0.114306 0.03
0.68712 0.516504 0.247911 0.03
0.0866301 0.493751 0.309903 0.03
0.245075 0.173047 0.360294 0.03
0.631025 0.507077 0.309821 0.03
0.403103 0.505667 0.442514 0.03
0.175515 0.588664 0.141295 0.03
0.450903 0.431223 0.268222 0.03
0.709603 0.136318 0.0716569 0.03
0.659506 0.466205 0.231031 0.03
0.236844 0.623208 0.53425 0.03
0.581509 0.345708 0.494939 0.03
0.775641 0.723212 0.777533 0.03
0.619081 0.715787 0.638636 0.03
0.355196 0.18067 0.372198 0.03
0.798947 0.42911 0.754137 0.03
0.527574 0.0222531 0.146836 0.03
0.727406 0.723205 0.104128 0.03
0.32479 0.765306 0.145537 0.03
0.818505 0.811897 0.00993102 0.03
0.0564777 0.647181 0.482925 0.03
0.560066 0.485356 0.643589 0.03
0.695102 0.50152 0.521844 0.03
0.14783 0.372606 0.779049 0.03
0.698675 0.264638 0.601079 0.03
0.275449 0.21487 0.766449 0.03
0.68382 0.66075 0.12106 0.03
0.745075 0.0533794 0.340975 0.03
0.156106 0.150266 0.619782 0.03
0.0120744 0.592617 0.157273 0.03
0.0362024 0.17851 0.424733 0.03
0.670327 0.609046 0.554148 0.03
0.690343 0.127951 0.127801 0.03
0.430659 0.529654 0.3293 0.03
0.463673 0.165443 0.309692 0.03
0.671178 0.420908 0.781959 0.03
0.550049 0.474216 0.747916 0.03
0.42452 0.655694 0.512001 0.03
0.191055 0.192611 0.377928 0.03
0.0657173 0.187563 0.590865 0.03
0.637899 0.0488362 0.484712 0.03
0.701806 0.798244 0.261422 0.03
0.144709 0.0113813 0.292648 0.03
0.116637 0.373891 0.126116 0.03
0.066802 0.513035 0.175763 0.03
0.677009 0.681543 0.560594 0.03
0.56245 0.66397 0.315919 0.03
0.482386 0.23835 0.501972 0.03
0.549431 0.693606 0.791985 0.03
0.440722 0.297712 0.055841 0.03
0.516561 0.12691 0.226908 0.03
0.813626 0.252673 0.411168 0.03
0.0857719 0.813572 0.268506 0.03
0.133792 0.0903962 0.155306 0.03
0.715875 0.461031 0.631777 0.03
0.517729 0.38076 0.336179 0.03
0.263169 0.793972 0.0957591 0.03
0.667187 0.815227 0.182819 0.03
0.0977738 0.516419 0.0832811 0.03
0.270178 0.242799 0.713651 0.03
0.328714 0.401656 0.216416 0.03
0.441843 0.283655 0.354032 0.03
0.384766 0.267996 0.46167 0.03
0.0361886 0.516704 0.624157 0.03
0.354204 0.163562 0.0833269 0.03
0.597456 0.559239 0.0854157 0.03
0.606204 0.247432 0.311962 0.03
0.565336 0.557814 0.0347849 0.03
0.150591 0.738685 0.456087 0.03
0.460532 0.356815 0.565978 0.03
0.028011 0.739937 0.601299 0.03
0.0191315 0.194789 0.225664 0.03
0.300227 0.367055 0.0844026 0.03
0.704429 0.742892 0.155794 0.03
0.338345 0.204169 0.621896 0.03
0.330932 0.693873 0.515362 0.03
0.381804 0.163688 0.423086 0.03
0.429098 0.160434 0.704549 0.03
0.747818 0.445933 0.104431 0.03
0.23766 0.725996 0.789384 0.03
0.543701 0.115291 0.80225 0.03
0.0300611 0.0318943 0.0990325 0.03
0.104266 0.626444 0.652809 0.03
0.222788 0.241614 0.78086 0.03
0.197887 0.636272 0.589382 0.03
0.671845 0.112674 0.65689 0.03
0.791358 0.311586 0.426038 0.03
0.681291 0.303963 0.248826 0.03
0.816568 0.480947 0.729707 0.03
0.494672 0.493775 0.68331 0.03
0.432001 0.106106 0.107081 0.03
0.762089 0.16586 0.331577 0.03
0.308725 0.323713 0.588707 0.03
0.082788 0.645345 0.705676 0.03
0.509878 0.572994 0.0791437 0.03
0.398402 0.276324 0.764961 0.03
0.479097 0.17019 0.244104 0.03
0.423558 0.388562 0.3745 0.03
0.226008 0.285223 0.0646397 0.03
0.767317 0.624975 0.715886 0.03
0.142241 0.264955 0.665174 0.03
0.391902 0.488511 0.11386 0.03
0.51645 0.791954 0.51516 0.03
0.0566893 0.202133 0.328226 0.03
0.301294 0.776958 0.0414771 0.03
0.00361544 0.389941 0.400871 0.03
0.453868 0.514518 0.644774 0.03
0.808087 0.672632 0.554712 0.03
0.532179 0.169541 0.567069 0.03
0.0360927 0.438166 0.721241 0.03
0.754938 0.759722 0.0203626 0.03
0.0697633 0.584413 0.0721588 0.03
0.193185 0.529784 0.772231 0.03
0.400908 0.638234 0.127391 0.03
0.487669 0.572561 0.439468 0.03
0.67422 0.603472 0.325643 0.03
0.638938 0.381238 0.524588 0.03
0.220145 0.214984 0.595913 0.03
0.612893 0.391845 -0.00056278 0.03
0.31519 0.18671 0.12901 0.03
0.693961 0.18666 0.698886 0.03
0.532878 0.146095 0.35025 0.03
0.409697 0.085939 0.49911 0.03
0.611764 0.0926868 0.241567 0.03
0.632095 0.0219088 0.800838 0.03
0.189042 0.674307 0.325569 0.03
0.0420571 0.0270437 0.233077 0.03
0.403606 0.471437 0.520291 0.03
0.304312 0.168561 0.483796 0.03
0.440053 0.140133 0.812476 0.03
0.221764 0.47835 0.111062 0.03
0.423461 0.254393 0.505185 0.03
0.779493 0.0707753 0.415562 0.03
0.0484293 0.767027 0.273549 0.03
0.761582 0.511621 0.419426 0.03
0.0587559 0.566014 0.763087 0.03
0.0766674 0.231693 0.121588 0.03
0.352191 0.414675 0.786082 0.03
0.400027 0.688215 0.417242 0.03
0.528924 0.0858373 0.502683 0.03
0.627057 0.140798 0.472693 0.03
0.329667 0.313145 0.706501 0.03
0.406457 0.535208 0.61459 0.03
0.249758 0.171358 0.567989 0.03
0.183156 0.419657 0.76762 0.03
0.360019 0.521715 0.192182 0.03
0.614692 0.451476 0.00974125 0.03
0.642946 0.465358 0.620825 0.03
0.0212398 0.653665 0.732601 0.03
-0.0103451 0.0225503 0.471223 0.03
0.457139 0.564133 0.255201 0.03
0.11304 0.603084 0.552963 0.03
0.759835 0.383074 0.0693344 0.03
0.716087 0.704873 0.748088 0.03
0.0356077 0.247235 0.749373 0.03
0.650888 0.784429 0.819179 0.03
0.606763 0.041138 0.750018 0.03
0.345501 0.450275 0.0123769 0.03
0.576662 0.654803 0.739931 0.03
0.38607 0.261386 0.238078 0.03
0.46576 0.00228852 0.672765 0.03
0.331844 0.317348 0.108842 0.03
0.75068 0.347229 0.183523 0.03
0.39824 0.0533191 0.618834 0.03
0.131186 0.307695 0.495958 0.03
0.740949 0.566096 0.740574 0.03
0.0392653 0.352373 0.370974 0.03
0.569393 0.412541 0.647702 0.03
0.185923 0.425469 0.101594 0.03
0.422562 0.482763 0.292804 0.03
0.244941 0.292122 0.353862 0.03
0.56372 0.571101 0.551567 0.03
0.0573024 0.0621833 0.736332 0.03
0.0154154 0.334173 0.65442 0.03
0.508846 0.0230976 0.601427 0.03
0.387372 0.0898683 0.291221 0.03
0.639381 0.564582 0.636164 0.03
0.131495 0.302287 0.242538 0.03
0.636026 0.344738 0.733356 0.03
0.700459 0.146143 0.503737 0.03
0.498169 0.786918 0.0125727 0.03
0.394508 0.793413 0.348194 0.03
0.720107 0.76697 0.647671 0.03
0.14027 0.325419 0.0999825 0.03
0.227038 0.507215 0.326625 0.03
0.506924 0.395379 0.279156 0.03
0.397373 0.653782 0.262073 0.03
0.649196 0.101492 0.33304 0.03
0.218836 0.605247 0.635811 0.03
0.323188 0.510995 0.730182 0.03
0.311449 0.76197 0.466937 0.03
0.141376 0.638974 0.731704 0.03
0.190586 0.106657 0.598193 0.03
0.312204 0.819995 0.558609 0.03
0.673543 0.5825 0.0774605 0.03
0.238539 0.65834 0.115954 0.03
0.131441 0.335444 0.673751 0.03
0.598435 0.450018 0.77345 0.03
0.679975 0.0945815 0.392317 0.03
0.125975 0.317163 0.184827 0.03
0.155688 0.487704 0.694299 0.03
0.600478 0.0905757 0.0884372 0.03
0.516561 0.431256 0.778609 0.03
0.727276 0.736162 0.698375 0.03
0.460376 0.780128 0.378901 0.03
0.591336 0.630966 0.176549 0.03
0.0594511 0.585852 0.532981 0.03
0.516175 0.242893 0.390423 0.03
0.780253 0.229188 0.0102329 0.03
0.59116 0.475793 0.277793 0.03
0.569828 0.158975 0.464756 0.03
0.201156 0.18756 0.0931027 0.03
0.285028 0.176646 0.315701 0.03
0.750463 0.171383 0.196929 0.03
0.0605517 0.166544 0.193092 0.03
0.0210734 0.0442024 0.517792 0.03
0.738098 0.418608 0.51978 0.03
0.787737 0.0297765 0.70816 0.03
0.0786013 0.362744 0.659066 0.03
0.335034 0.70394 0.128274 0.03
0.231912 0.0450029 0.291723 0.03
0.283864 0.226091 0.35813 0.03
0.140393 0.643263 0.154173 0.03
0.0594455 0.333368 0.103593 0.03
0.169677 0.464084 0.304294 0.03
0.554888 0.052636 0.356808 0.03
0.334541 0.539456 0.467704 0.03
0.746724 0.0829319 0.694833 0.03
0.387509 0.554417 0.667946 0.03
0.371069 0.765123 0.0598302 0.03
0.568708 0.668374 0.0458321 0.03
0.317152 0.548226 0.336815 0.03
0.301284 0.826952 0.197003 0.03
0.667197 0.378947 0.021103 0.03
0.323251 0.0831797 0.240525 0.03
0.431194 0.293077 0.261162 0.03
0.534327 0.62704 0.0719531 0.03
0.137422 0.0869092 0.790357 0.03
0.344634 0.824109 0.308731 0.03
0.444117 -0.00371249 0.582112 0.03
0.472106 0.40928 0.599439 0.03
0.557726 0.35527 0.661198 0.03
0.481793 0.204153 0.443571 0.03
0.59937 0.30757 0.623545 0.03
0.254735 0.6128 0.363818 0.03
0.579754 0.363715 0.170445 0.03
0.220719 0.475799 0.549632 0.03
0.716639 0.586894 0.370021 0.03
0.686619 0.706974 0.204448 0.03
0.676363 0.239541 0.441259 0.03
0.775304 0.10962 0.205876 0.03
0.768269 0.593339 0.480243 0.03
0.585045 0.539786 0.641119 0.03
0.356803 0.301092 0.0197053 0.03
0.748931 0.264607 0.375358 0.03
0.0900967 0.121426 0.804076 0.03
0.59696 0.727246 0.584227 0.03
0.189707 0.330739 0.136927 0.03
0.134626 0.418365 0.607459 0.03
0.507967 0.15013 0.0561737 0.03
0.227939 0.270092 0.17092 0.03
0.356636 0.613029 0.245725 0.03
0.080028 0.504899 0.435381 0.03
0.53529 0.443876 0.305564 0.03
0.416249 0.528723 0.172745 0.03
0.0817699 0.160255 0.682129 0.03
0.343744 0.236345 0.190877 0.03
0.733157 0.145881 0.0174394 0.03
0.272601 0.222444 0.623748 0.03
0.42138 0.110999 0.335982 0.03
0.436645 0.379293 0.674426 0.03
0.102879 0.593135 0.727824 0.03
0.758195 0.442742 0.323645 0.03
0.623955 0.287721 0.26 0.03
0.440059 0.265506 0.722993 0.03
0.156322 0.649095 0.228483 0.03
0.62072 0.455857 0.436846 0.03
0.38349 0.576429 0.760912 0.03
0.451684 0.255088 0.78263 0.03
0.583446 0.138894 0.70421 0.03
0.0271585 0.521582 0.684903 0.03
0.341681 0.486241 0.577612 0.03
0.786836 0.267211 0.15085 0.03
0.00774003 0.274311 0.650033 0.03
0.228895 0.547931 0.370575 0.03
0.184536 0.664481 0.49329 0.03
0.0302109 0.584482 0.0109059 0.03
0.635589 0.759566 0.412229 0.03
0.100694 0.292838 0.292939 0.03
0.277538 0.754254 0.418204 0.03
0.239082 0.215687 0.318663 0.03
0.54743 0.533342 0.59496 0.03
0.458017 0.564473 0.586758 0.03
0.376582 0.47388 0.329911 0.03
0.0958434 0.0916653 0.589194 0.03
0.19991 0.0792455 0.709811 0.03
0.604098 0.709982 0.527255 0.03
0.184288 0.72679 0.504339 0.03
0.268918 0.817077 0.700183 0.03
0.460915 0.682001 0.292302 0.03
0.467092 0.0782627 0.0340282 0.03
0.568081 0.428956 0.445641 0.03
0.438152 0.163184 0.443164 0.03
0.197074 0.369062 0.540462 0.03
0.74431 0.322376 0.0514728 0.03
0.49012 0.432679 0.348583 0.03
0.156209 0.266908 0.740621 0.03
0.406709 0.392371 0.773619 0.03
0.697632 0.238729 0.542062 0.03
0.230572 0.554397 0.720801 0.03
0.571693 0.256118 0.207379 0.03
0.0206935 0.737406 0.685067 0.03
0.426471 0.226494 0.448888 0.03
0.739643 0.456148 0.378907 0.03
0.74314 0.111756 0.391157 0.03
0.109825 0.757494 0.272882 0.03
0.500789 0.790338 0.299726 0.03
0.100524 0.0323323 0.15941 0.03
0.141144 0.526498 0.277281 0.03
0.180407 0.597186 0.804076 0.03
0.44128 0.613376 0.691735 0.03
0.447505 0.535523 0.776332 0.03
0.133351 0.577707 0.633975 0.03
0.178232 0.72608 0.769827 0.03
0.738708 0.719299 0.26619 0.03
0.579348 0.587749 0.798176 0.03
0.135145 0.317539 0.436992 0.03
0.304575 0.549417 0.520544 0.03
0.23071 0.735066 0.547924 0.03
0.0866503 0.670126 0.158083 0.03
0.345599 0.0546102 0.0551722 0.03
-0.010662 0.0286972 0.0552068 0.03
0.498532 0.235886 0.0467991 0.03
0.74737 0.777159 0.355991 0.03
0.113323 0.575244 0.785631 0.03
0.274962 0.38388 0.196768 0.03
0.17063 0.63831 0.0479511 0.03
0.455764 0.79771 0.154763 0.03
0.187918 0.31751 0.512044 0.03
0.370985 0.147769 0.479747 0.03
0.0563833 0.480016 0.0594442 0.03
0.224956 0.319626 0.722432 0.03
0.25814 0.185091 0.110829 0.03
0.240062 0.745993 0.242479 0.03
0.180829 0.520953 0.551205 0.03
0.561567 0.310899 0.102726 0.03
0.570265 0.77928 0.538637 0.03
0.41911 0.646767 0.378587 0.03
0.127353 0.730094 0.802129 0.03
0.574159 0.0306899 0.0238849 0.03
0.0191565 0.384395 0.810712 0.03
0.349549 0.254554 0.284677 0.03
0.393625 0.333585 0.171114 0.03
0.623026 0.0551493 0.196339 0.03
0.681182 0.0182841 0.765679 0.03
0.0647551 0.0402977 0.600229 0.03
0.152485 0.408796 0.321917 0.03
0.831163 0.499787 0.164653 0.03
0.161134 0.36726 0.491726 0.03
0.297261 0.275836 0.265488 0.03
0.437058 0.73448 0.786902 0.03
0.576583 0.495799 0.439574 0.03
0.282646 0.402399 0.6557 0.03
0.585335 0.746298 0.230841 0.03
0.134019 0.450901 0.0435654 0.03
0.547623 0.369935 0.538259 0.03
0.291641 0.540314 0.00590351 0.03
0.421369 0.382255 0.61659 0.03
0.374035 0.440915 0.215733 0.03
0.564802 0.294581 0.576255 0.03
0.420147 0.280087 0.170392 0.03
0.338358 0.500628 0.367302 0.03
0.534143 0.733951 0.37564 0.03
0.0961089 0.108222 0.7458 0.03
0.126781 -0.00725758 0.072242 0.03
0.0669321 0.329129 0.419049 0.03
0.65202 0.476328 0.768726 0.03
0.505604 0.376331 0.0936679 0.03
0.421573 0.140618 0.0591181 0.03
0.628034 0.645826 0.533229 0.03
0.27778 0.363436 0.313252 0.03
0.166153 0.532734 0.656181 0.03
0.0508554 0.401064 0.562345 0.03
0.345629 0.449636 0.461982 0.03
0.586546 0.803337 0.168126 0.03
0.666361 0.781078 0.479986 0.03
0.732939 0.18086 0.540249 0.03
0.34661 0.651322 0.476149 0.03
0.601436 0.195264 0.727418 0.03
0.465059 0.662065 0.466713 0.03
0.598835 0.546902 0.417481 0.03
0.169004 0.391593 0.148843 0.03
0.336181 0.217985 0.32983 0.03
0.535323 0.343235 0.595105 0.03
0.294914 0.44781 0.551575 0.03
0.0510914 0.115071 0.706745 0.03
0.375465 0.450087 0.274965 0.03
0.461272 0.308831 0.758175 0.03
0.096196 0.287636 0.114608 0.03
0.00341938 0.732074 0.412029 0.03
0.634445 0.208977 0.62449 0.03
0.157429 0.608806 0.381884 0.03
0.60921 0.204789 0.0980756 0.03
0.818505 0.627639 0.319009 0.03
0.0491271 0.700586 0.442946 0.03
0.419761 0.0416095 0.0343091 0.03
0.69955 0.318284 0.574267 0.03
0.343837 0.297973 0.429692 0.03
0.801524 0.0719751 0.101572 0.03
0.347388 0.63127 0.0386787 0.03
0.288906 0.452036 0.812343 0.03
0.352571 0.376911 0.167302 0.03
0.563694 0.198925 0.223683 0.03
0.744297 0.805221 0.745588 0.03
0.279904 0.64788 0.493054 0.03
0.395447 0.200603 0.604245 0.03
0.36516 0.784602 0.630003 0.03
0.042016 0.409612 0.353601 0.03
0.676644 0.559537 0.0222739 0.03
0.238747 0.213574 0.0542302 0.03
0.692268 0.260208 0.0331498 0.03
0.530478 0.626339 0.131733 0.03
0.085403 0.743662 0.21414 0.03
0.784863 0.378574 0.443783 0.03
0.0654493 0.547869 0.48708 0.03
0.0159671 0.362013 0.591236 0.03
0.61762 0.746235 0.480648 0.03
0.762761 0.786751 0.610821 0.03
0.72622 0.248767 0.65846 0.03
0.610529 0.70499 0.696884 0.03
0.589344 0.119133 0.760727 0.03
0.336485 0.00290137 0.148484 0.03
0.386836 0.121337 0.0116195 0.03
0.124486 0.258923 0.0182637 0.03
0.508841 0.713868 0.669964 0.03
0.533736 0.00764364 0.470296 0.03
0.34287 0.0351081 -0.00137119 0.03
0.268562 0.53129 0.290677 0.03
0.20497 0.029574 0.397846 0.03
0.0668856 0.584129 0.67272 0.03
0.192723 0.153965 0.556248 0.03
0.375337 0.34191 0.799521 0.03
0.612177 0.165551 0.0530683 0.03
0.764397 0.490823 0.650585 0.03
0.521742 0.686809 0.595769 0.03
0.482094 0.665892 0.523852 0.03
0.740277 0.332209 0.325066 0.03
0.457095 0.351153 0.407272 0.03
0.427833 0.202007 0.65467 0.03
0.673184 0.401382 0.135131 0.03
0.58992 0.113128 0.296207 0.03
0.501194 0.77767 0.187923 0.03
0.652208 0.815023 0.71876 0.03
0.226831 0.552348 0.816458 0.03
0.53412 0.274008 0.504621 0.03
0.751612 0.532327 0.552749 0.03
0.74135 0.223767 0.3323 0.03
0.318282 0.0108317 0.658952 0.03
0.765381 0.247825 0.0983354 0.03
0.439611 0.722449 0.562239 0.03
0.283683 0.684467 0.08533 0.03
0.576705 0.0980399 0.193549 0.03
0.493781 0.571621 0.763393 0.03
0.104569 0.722647 0.3215 0.03
0.447042 0.44022 0.398844 0.03
0.0861412 0.42707 0.4641 0.03
0.291266 0.189482 0.185038 0.03
0.0767552 0.655213 0.223347 0.03
0.690173 0.315538 0.353101 0.03
0.188996 0.245443 0.304245 0.03
0.370065 0.723777 0.454468 0.03
0.114717 0.541384 0.401203 0.03
0.290473 0.410848 0.768899 0.03
0.235389 0.711215 0.0267865 0.03
0.242717 0.499613 0.599931 0.03
0.0758524 0.401801 0.210933 0.03
0.815679 0.767294 0.772681 0.03
0.351238 0.753076 0.342289 0.03
0.793706 0.572088 0.0202941 0.03
0.642334 0.0176102 0.313963 0.03
0.525441 0.743512 0.23043 0.03
0.70137 0.581853 0.698571 0.03
0.696736 0.758443 0.0344125 0.03
0.29139 0.343666 0.448534 0.03
0.243043 0.223526 0.539624 0.03
0.49289 0.607765 0.0327458 0.03
0.200531 0.134119 0.369571 0.03
0.0354639 0.135063 0.0659337 0.03
0.568035 0.531013 0.274853 0.03
0.463191 0.28614 0.536622 0.03
0.67773 0.0388875 0.441115 0.03
0.519774 0.789059 0.58285 0.03
0.324982 0.603761 0.751182 0.03
0.516644 0.694926 0.417317 0.03
0.033211 0.0274725 0.4159 0.03
0.200092 0.132128 0.681298 0.03
0.716837 0.556165 0.200203 0.03
0.81254 0.238919 0.516797 0.03
0.0216018 0.376857 0.307753 0.03
0.706807 0.0962923 0.542927 0.03
0.405 0.0490364 0.766562 0.03
0.800506 0.318205 0.608147 0.03
0.790214 0.653164 0.636807 0.03
0.468359 0.217973 0.337927 0.03
0.115196 0.446298 0.65661 0.03
0.350306 0.338318 0.544021 0.03
0.58402 0.249591 0.47948 0.03
0.0790658 0.777242 0.485391 0.03
0.0397464 0.454145 0.313573 0.03
0.11141 0.309878 0.723999 0.03
0.126252 0.149135 0.164211 0.03
0.234661 0.790577 0.775425 0.03
0.142011 0.0297479 0.0260833 0.03
0.258481 0.78955 0.462964 0.03
0.526008 0.535991 0.317516 0.03
0.685171 0.0285196 0.354625 0.03
0.198834 0.654343 0.167238 0.03
0.78468 0.531617 0.300687 0.03
0.692777 0.119194 0.712624 0.03
0.192047 0.435301 0.825281 0.03
0.531794 0.38991 0.145907 0.03
0.487157 0.0597244 0.422529 0.03
0.819403 0.705421 0.639926 0.03
0.458837 0.499711 0.248756 0.03
0.576622 0.502919 0.532603 0.03
0.321846 0.733958 0.260729 0.03
0.554602 0.706245 0.718407 0.03
0.461204 0.31868 0.673483 0.03
0.58476 0.699971 0.147368 0.03
0.274966 0.573891 0.0867432 0.03
0.411062 0.822214 0.464353 0.03
0.683744 0.310123 0.744284 0.03
0.23344 0.648025 0.757619 0.03
0.389059 0.400821 0.421919 0.03
0.267142 0.120959 0.818957 0.03
0.795114 0.00883416 0.2087 0.03
0.34865 0.634113 0.0983306 0.03
0.319358 0.135244 0.342232 0.03
0.0459647 0.596863 0.358238 0.03
0.632357 0.514139 0.667526 0.03
0.449382 0.695447 0.360909 0.03
0.443447 0.590105 0.00415406 0.03
0.78206 0.381221 0.50498 0.03
0.253119 0.7007 0.349429 0.03
0.692658 0.416373 0.235189 0.03
0.593819 0.818202 0.705403 0.03
0.635376 0.13751 0.100581 0.03
0.0011594 0.265766 0.804269 0.03
0.82397 0.63039 0.680595 0.03
0.126904 0.138777 0.568905 0.03
0.733203 0.230608 0.159756 0.03
0.660324 0.31088 0.456206 0.03
0.36292 0.0724212 0.574777 0.03
0.684834 0.0414892 9.54563e-05 0.03
0.324492 0.145253 0.00357164 0.03
0.690192 0.772562 0.388011 0.03
0.37727 0.118448 0.149042 0.03
0.113477 0.514339 0.784021 0.03
0.309025 0.403587 0.431575 0.03
0.658103 0.188069 0.263148 0.03
0.181815 0.0534392 0.0796912 0.03
0.686898 0.228297 0.794458 0.03
0.739811 0.294677 0.722276 0.03
0.0542196 0.19318 0.0495115 0.03
0.439376 0.735399 0.503991 0.03
0.778712 0.19287 0.281098 0.03
0.0547371 0.344784 0.0344938 0.03
0.668602 0.532042 0.477829 0.03
0.203483 0.50162 0.163673 0.03
0.166308 0.424269 0.474033 0.03
0.505063 0.663202 0.822577 0.03
0.138068 0.176575 0.67005 0.03
0.759792 0.583673 0.117638 0.03
0.5685 0.180524 0.301463 0.03
0.684572 0.741443 0.25333 0.03
0.0448101 0.134283 0.333806 0.03
0.223633 0.416333 0.459076 0.03
0.603921 0.115625 0.573811 0.03
0.398881 0.586873 0.585102 0.03
0.716662 0.424632 0.0576495 0.03
0.374687 0.0653031 0.380956 0.03
0.611836 0.630061 0.303972 0.03
0.185795 0.224599 0.193694 0.03
0.39491 0.440621 0.686671 0.03
0.710852 0.479629 0.575211 0.03
0.0609613 0.540441 0.374356 0.03
0.0492035 0.529745 0.817088 0.03
0.18046 0.738506 0.00693886 0.03
0.364291 0.654445 0.35586 0.03
0.323092 0.613297 0.586468 0.03
0.398524 0.338689 0.409329 0.03
0.226616 0.241362 0.110626 0.03
0.728391 0.390882 0.326172 0.03
0.00679307 0.534613 0.463743 0.03
0.714686 0.325774 0.81718 0.03
0.544046 0.652618 0.449509 0.03
0.562396 0.0261221 0.302843 0.03
0.489093 0.567738 0.499329 0.03
0.353462 0.34809 0.0622369 0.03
0.603447 0.23171 0.254175 0.03
0.330985 0.644394 0.154396 0.03
0.625106 0.408372 0.295922 0.03
0.401219 0.248645 0.68077 0.03
0.749899 0.362737 0.383162 0.03
0.287885 0.0129484 0.325107 0.03
0.00453238 0.645594 0.0347609 0.03
0.151932 0.765232 0.572186 0.03
0.0254263 0.565113 0.221131 0.03
0.558739 0.341519 0.355509 0.03
0.242432 0.581721 0.229439 0.03
0.506324 0.486307 0.445659 0.03
0.569362 0.278191 0.363794 0.03
0.0294553 0.523062 0.32625 0.03
0.158257 0.202316 0.274256 0.03
0.440103 0.426529 0.504692 0.03
0.398231 0.230246 0.396335 0.03
0.454924 0.778902 0.724284 0.03
0.506463 0.442106 0.405486 0.03
0.761871 0.290685 0.199967 0.03
0.276011 0.220079 0.470265 0.03
0.174896 0.444467 0.653913 0.03
0.371405 0.532084 0.317026 0.03
0.468943 0.100419 0.774407 0.03
0.189118 0.452487 0.426132 0.03
0.347024 0.101572 0.44942 0.03
0.0379595 0.0927102 0.548961 0.03
0.152015 0.032984 0.127934 0.03
0.0787202 0.316998 0.343115 0.03
0.30633 0.439456 0.140654 0.03
0.168964 0.0274869 0.794115 0.03
0.787941 0.207451 0.150304 0.03
0.113723 0.808259 0.628301 0.03
0.502314 0.20493 0.286931 0.03
0.171155 0.110345 0.113005 0.03
0.0897416 0.821049 0.209207 0.03
0.542782 0.479318 0.807031 0.03
0.0698659 0.0797565 0.335736 0.03
0.451954 0.582259 0.109688 0.03
0.551935 0.0184561 0.742327 0.03
0.244002 0.659105 0.307135 0.03
0.529702 0.230572 0.668345 0.03
0.00661533 0.143849 0.180177 0.03
0.0786628 0.733643 0.549723 0.03
0.790675 0.736832 0.471078 0.03
0.234695 0.435095 0.726636 0.03
0.112579 0.625676 0.275641 0.03
0.214324 0.242954 0.400406 0.03
0.632308 0.455495 0.678934 0.03
0.29191 0.449696 0.488353 0.03
0.650151 0.249047 0.50716 0.03
0.329735 0.28204 0.545557 0.03
0.601331 0.673659 0.262372 0.03
0.402906 0.728236 0.100372 0.03
0.177597 0.275814 0.116965 0.03
0.0121939 0.528472 0.764706 0.03
0.507421 0.639731 0.310195 0.03
0.773977 0.433116 0.474392 0.03
0.317779 0.250539 -0.000360264 0.03
0.640475 0.102997 0.150007 0.03
0.187834 0.815556 0.0406746 0.03
0.4534 0.0443723 0.547988 0.03
0.384712 0.389355 0.326404 0.03
0.456858 0.197847 0.765795 0.03
0.0124143 0.172408 0.501049 0.03
0.580986 0.230316 0.587083 0.03
0.535098 0.167881 0.12484 0.03
0.765042 0.498413 0.0810468 0.03
0.403873 0.22899 0.336809 0.03
0.116672 0.0443039 0.369423 0.03
0.741488 0.770447 0.2967 0.03
0.258832 0.0961586 0.307479 0.03
0.42057 0.758781 0.659579 0.03
0.504474 0.0476721 -0.00165279 0.03
0.240828 0.799315 0.395146 0.03
0.0658016 0.387098 0.712213 0.03
-0.00284929 0.823045 0.751061 0.03
0.25541 0.356782 0.146877 0.03
0.2968 0.10213 0.48208 0.03
0.557085 0.752261 0.178339 0.03
0.260614 0.580261 0.768765 0.03
0.464911 0.465929 0.0779505 0.03
0.706796 0.52442 0.805814 0.03
0.0817449 0.48001 0.128024 0.03
0.589466 0.464129 0.386344 0.03
0.697064 0.556065 0.546684 0.03
0.0670715 0.710447 0.276673 0.03
0.159271 0.167381 0.210858 0.03
0.120185 0.788704 0.443829 0.03
0.795359 0.428887 0.563246 0.03
0.431767 0.23027 0.0119486 0.03
0.50258 0.676529 0.716468 0.03
0.443306 0.361186 0.127588 0.03
0.286378 0.386677 0.258688 0.03
0.708066 0.730285 0.426016 0.03
0.0671981 0.0430356 0.047252 0.03
0.485426 0.494481 0.332483 0.03
0.0901655 0.395251 0.516634 0.03
0.160968 0.301523 0.563624 0.03
0.619384 0.764083 0.701814 0.03
0.418657 0.125854 0.210176 0.03
0.462021 0.398349 0.00893572 0.03
0.515084 0.5204 0.164225 0.03
0.27974 0.727165 0.586357 0.03
0.441079 0.354957 0.203156 0.03
0.304632 0.194518 0.573351 0.03
0.370072 0.270585 0.605142 0.03
0.152662 0.533925 0.103177 0.03
0.797167 0.629448 0.126228 0.03
0.325402 0.47171 0.240514 0.03
0.745946 0.519659 0.237825 0.03
0.265369 0.0477695 0.733046 0.03
0.0608642 0.078707 0.483881 0.03
0.120232 0.722096 0.407264 0.03
0.354154 0.294676 0.199887 0.03
0.59676 0.174976 0.570587 0.03
0.308489 0.662506 0.688428 0.03
0.459907 0.406705 0.722287 0.03
0.154416 0.763923 0.0548154 0.03
0.51545 0.568908 0.268145 0.03
0.0760914 0.64842 0.539704 0.03
0.0781075 0.569152 0.193006 0.03
0.364195 0.136894 0.587205 0.03
0.559949 0.546735 0.487582 0.03
0.564672 0.14584 0.612661 0.03
0.281872 0.727567 0.517825 0.03
0.652757 0.0937682 0.445725 0.03
0.021234 0.122866 0.234437 0.03
0.151948 0.327675 0.366195 0.03
0.715382 0.0407612 0.563969 0.03
0.0234188 0.502522 0.41537 0.03
0.172191 0.596402 0.200688 0.03
0.760633 0.608641 0.334882 0.03
0.237533 0.716255 0.479439 0.03
0.618602 0.696899 0.0978995 0.03
0.10442 0.465708 0.71626 0.03
0.353172 0.0044738 0.512813 0.03
0.135422 0.0602911 0.254616 0.03
0.456292 0.818565 0.329454 0.03
0.345934 0.66306 0.735263 0.03
0.786758 0.128865 0.139366 0.03
0.530815 0.638156 0.774473 0.03
0.60803 0.750439 0.339291 0.03
0.0522497 0.348262 0.531518 0.03
0.62943 0.204815 0.346736 0.03
0.735509 0.786494 0.0703325 0.03
0.399908 0.178346 0.118859 0.03
0.469192 0.0531966 0.737563 0.03
0.00781431 0.155944 0.701853 0.03
0.774765 0.640043 0.517242 0.03
0.287867 0.677915 0.55358 0.03
0.662352 0.244851 0.24306 0.03
0.758672 0.27526 0.49158 0.03
0.289608 0.628387 0.106893 0.03
0.808951 0.241733 0.7064 0.03
0.0666681 0.00562375 0.753415 0.03
0.452183 0.555311 0.703041 0.03
0.676362 0.415261 0.617413 0.03
0.565628 0.596954 0.638258 0.03
0.419104 0.742541 0.400487 0.03
0.67225 0.71764 0.0818698 0.03
0.486249 0.617009 0.237944 0.03
0.532847 0.404864 0.203883 0.03
0.630484 0.462884 0.155075 0.03
0.197676 0.340949 0.789197 0.03
0.248594 0.432421 0.166442 0.03
0.678219 -0.000258018 0.522997 0.03
0.802634 0.451059 0.0810711 0.03
0.169441 0.5501 0.378238 0.03
0.575557 0.814507 0.797126 0.03
0.250826 0.781083 0.327135 0.03
0.636562 0.0982521 0.707755 0.03
0.442253 0.0519646 0.461569 0.03
0.553686 0.772992 0.273921 0.03
0.772104 0.14345 0.0831768 0.03
0.0659781 0.577696 0.592228 0.03
0.140574 0.679717 0.455398 0.03
0.382172 0.633003 0.547989 0.03
0.427164 0.367843 0.289761 0.03
0.813573 0.0589904 0.567961 0.03
0.768252 0.0030579 0.15557 0.03
0.608787 0.517593 0.0438259 0.03
0.0881331 0.519371 0.23129 0.03
0.316099 0.541137 0.620533 0.03
0.74506 0.656446 0.0237153 0.03
0.499727 0.27102 0.814627 0.03
0.245383 0.719278 0.189258 0.03
0.53786 0.29774 0.23428 0.03
0.506724 0.141493 0.419817 0.03
0.179996 0.119579 0.180604 0.03
0.751477 0.0448133 0.27851 0.03
0.731146 0.317645 0.52344 0.03
0.265434 0.313504 0.207604 0.03
0.618839 0.58592 0.533147 0.03
0.518437 0.237929 0.228209 0.03
0.342983 0.570865 0.00504625 0.03
0.229875 0.356901 0.355742 0.03
0.0704754 0.0835559 0.642891 0.03
0.529317 0.64197 0.392332 0.03
0.708967 0.243424 0.716586 0.03
0.590544 0.5105 0.788652 0.03
0.326442 0.594977 0.488351 0.03
0.00464134 0.611424 0.785241 0.03
0.109338 0.0394711 0.491677 0.03
0.33982 0.0258649 0.60496 0.03
0.606721 0.675812 0.793269 0.03
0.24426 0.269286 0.292577 0.03
0.55876 0.434345 0.249207 0.03
0.242099 0.306026 0.488682 0.03
0.392149 0.487177 0.778433 0.03
0.0775653 0.063913 0.792638 0.03
0.455691 0.505291 0.47121 0.03
0.133869 0.542348 0.735265 0.03
0.77975 0.021661 0.600133 0.03
0.538438 0.220194 0.530736 0.03
0.498753 0.151488 0.818291 0.03
0.819882 0.731516 0.0888887 0.03
0.786974 0.686025 0.418878 0.03
0.737 0.0590583 0.619093 0.03
0.732279 0.710498 0.0458335 0.03
0.310357 0.452506 0.39605 0.03
0.814808 0.473828 0.522526 0.03
0.3987 0.431224 0.0981578 0.03
0.684202 0.288708 0.685357 0.03
0.131003 0.207489 0.176296 0.03
-0.00341906 0.0222391 0.65701 0.03
0.265235 0.808444 0.275977 0.03
0.537359 0.406997 0.699296 0.03
0.735291 0.013863 0.225582 0.03
0.0189522 0.22057 0.463498 0.03
0.621649 0.051258 0.673612 0.03
0.543953 0.761941 0.660132 0.03
0.62009 0.021188 0.618636 0.03
0.66914 0.160474 0.621105 0.03
0.15246 0.509484 0.602804 0.03
0.554425 0.10558 0.663679 0.03
0.703375 0.223797 0.0918013 0.03
0.181154 0.259495 0.604131 0.03
0.214458 0.491133 0.731887 0.03
0.424493 0.601006 0.0598577 0.03
0.122882 0.407176 0.254554 0.03
0.501638 0.816286 0.720104 0.03
0.21039 0.14855 0.137749 0.03
0.321611 0.394878 0.339105 0.03
0.650574 0.223595 0.680409 0.03
0.208546 0.111841 0.514631 0.03
0.485362 0.131653 0.130459 0.03
0.694789 0.162925 0.754567 0.03
0.124938 0.422079 0.752918 0.03
0.674073 0.78591 0.0839095 0.03
0.62164 0.107314 0.396262 0.03
0.561028 0.58271 0.30436 0.03
0.0792521 0.282429 0.171779 0.03
0.340734 0.512135 0.668482 0.03
0.41238 0.212712 0.72873 0.03
0.524695 0.44647 0.127443 0.03
0.581735 0.370237 0.111046 0.03
0.686604 0.257472 0.366928 0.03
0.780266 0.588584 0.195013 0.03
0.301939 0.656946 0.3221 0.03
0.205691 0.782209 0.520915 0.03
0.267078 0.508257 0.709164 0.03
0.638623 0.752953 0.0471723 0.03
0.391858 0.817354 0.0070842 0.03
0.325926 0.698762 0.781076 0.03
0.293205 0.187578 0.714666 0.03
0.667713 0.713694 0.712527 0.03
0.0662968 0.543778 0.283748 0.03
0.685142 0.328513 0.0478037 0.03
0.21657 0.57189 0.0654272 0.03
0.69933 0.472196 0.688116 0.03
0.666427 0.438382 0.724952 0.03
0.314612 0.712444 0.199424 0.03
0.172425 0.755881 0.40169 0.03
0.103751 0.362725 0.37261 0.03
0.0701883 0.281849 0.520434 0.03
0.372005 0.764224 0.694697 0.03
0.185173 0.695961 0.0562515 0.03
0.0773622 0.114808 0.16832 0.03
0.708775 0.11006 0.605595 0.03
0.385725 0.763561 0.777092 0.03
0.386082 0.0565857 0.440803 0.03
0.335311 0.112756 0.775643 0.03
0.76575 0.74232 0.414232 0.03
0.2254 0.387624 0.406888 0.03
0.0510104 0.259583 0.572497 0.03
0.53098 0.127405 0.168755 0.03
0.0977942 0.180784 0.801185 0.03
0.119507 0.254815 0.56 0.03
0.108565 0.767452 0.729644 0.03
0.80503 0.104266 0.683336 0.03
0.109628 0.0956719 0.531067 0.03
0.754235 0.326535 0.772427 0.03
0.28082 0.503242 0.352259 0.03
0.148094 0.101517 0.0583125 0.03
0.329675 0.193677 0.268666 0.03
0.644536 0.549089 0.202293 0.03
0.470399 0.745666 0.330909 0.03
0.419907 0.441373 0.805594 0.03
0.0345255 0.802226 0.195383 0.03
0.587389 0.68483 0.475485 0.03
0.729657 0.550502 0.286588 0.03
0.705697 0.503147 0.393939 0.03
0.450356 0.0816488 0.235283 0.03
0.0825606 0.173563 0.28031 0.03
0.612058 0.511736 0.485043 0.03
0.728296 0.759624 0.78106 0.03
0.370478 0.0647832 0.123373 0.03
0.410742 0.271146 0.561266 0.03
0.235143 0.0550007 0.573897 0.03
0.373222 0.336625 0.740038 0.03
0.64396 0.0555105 0.110216 0.03
0.476857 0.336369 0.277658 0.03
0.15577 0.678036 0.00552789 0.03
0.511622 0.674444 0.261215 0.03
0.332528 0.48973 0.121817 0.03
0.138886 0.465253 0.807157 0.03
0.696081 0.0762242 0.75423 0.03
0.00906718 0.568421 0.576563 0.03
0.709741 0.798691 0.697232 0.03
0.0196407 0.439285 0.165683 0.03
0.403814 0.392764 0.0526664 0.03
0.47502 0.567126 0.312377 0.03
0.0182348 0.385096 0.0596671 0.03
0.082101 0.256946 0.348109 0.03
0.691932 0.169077 0.216791 0.03
0.406458 0.153377 0.542902 0.03
0.208924 0.54325 0.121053 0.03
0.0291047 0.1291 0.391556 0.03
0.490115 0.26932 0.690613 0.03
0.551902 0.0946752 0.123195 0.03
0.49827 0.0740505 0.140223 0.03
0.403265 0.337122 0.0307938 0.03
0.453097 0.815936 0.0496081 0.03
0.367168 0.424849 0.512041 0.03
0.249061 0.430804 0.0440199 0.03
0.311622 0.259398 0.597867 0.03
0.25063 0.344675 0.661977 0.03
0.790947 0.552305 0.0767266 0.03
0.667262 0.148963 0.364321 0.03
0.284558 0.251284 0.176987 0.03
0.228827 0.0622834 0.0309126 0.03
0.494888 0.657474 0.168273 0.03
0.649918 0.377017 0.184737 0.03
0.22722 0.574682 0.293157 0.03
0.134499 0.603868 0.456727 0.03
0.35537 0.482185 0.0669587 0.03
0.696941 0.374587 0.0842208 0.03
0.454398 0.183387 0.191353 0.03
0.494854 0.302207 0.405007 0.03
0.177449 0.615163 0.536561 0.03
0.760495 0.675954 0.0871886 0.03
0.457676 0.703213 0.423884 0.03
0.624882 0.291127 0.697046 0.03
0.0173543 0.72055 0.742385 0.03
0.705882 0.536554 0.339745 0.03
0.580104 0.219571 0.377277 0.03
0.365643 0.128771 0.237733 0.03
0.53476 0.528249 0.768673 0.03
0.652891 0.670268 0.668596 0.03
0.321781 0.167224 0.666029 0.03
0.640952 0.645313 0.591802 0.03
0.365084 0.687687 0.0778327 0.03
0.242142 0.700913 0.632966 0.03
0.549581 0.140066 0.517926 0.03
0.453482 0.76423 0.609775 0.03
0.297109 0.350006 0.519083 0.03
0.228645 0.0884587 0.196819 0.03
0.406388 0.213193 0.546666 0.03
0.496527 0.298174 0.601938 0.03
0.00569682 0.543246 0.123674 0.03
0.120423 0.209108 0.602348 0.03
0.185526 0.171703 0.482444 0.03
0.0828263 0.646178 0.356168 0.03
0.687863 0.641096 0.708635 0.03
0.455657 0.149481 0.648867 0.03
0.359813 0.818818 0.206859 0.03
0.78506 0.16505 0.806761 0.03
0.187877 0.274683 0.357121 0.03
0.723004 0.417129 0.715322 0.03
0.681748 0.117295 0.802193 0.03
0.637356 0.162069 0.527723 0.03
0.796881 0.737194 0.257022 0.03
0.33497 0.470495 0.772775 0.03
0.810696 0.614356 0.412026 0.03
0.397034 0.043562 0.707713 0.03
0.550724 0.581588 0.745694 0.03
0.0714812 0.607552 0.147326 0.03
0.555611 0.287966 0.792744 0.03
0.654722 0.156527 0.422362 0.03
0.470531 0.731159 0.100872 0.03
0.789808 0.374995 0.778709 0.03
0.0336702 0.0161834 0.291285 0.03
0.402375 0.698292 0.609265 0.03
0.533191 0.0941054 0.0357564 0.03
0.0191709 0.185266 0.284769 0.03
0.0925262 0.371769 0.0716631 0.03
0.555386 0.360738 0.439412 0.03
0.531018 0.402797 0.591209 0.03
0.730088 0.224643 0.420065 0.03
0.531616 0.221877 0.471294 0.03
0.14147 0.0687238 0.71834 0.03
0.513726 0.694843 0.478984 0.03
0.761171 0.0697158 0.751906 0.03
0.492698 0.480876 0.511559 0.03
0.293544 0.363161 0.699472 0.03
0.139061 0.645317 0.586236 0.03
0.412814 0.741463 0.259633 0.03
0.275445 0.0465687 0.13992 0.03
0.195095 0.395557 0.0504962 0.03
0.272578 0.500515 0.53356 0.03
0.743989 0.811644 0.548669 0.03
0.469371 0.440054 0.454434 0.03
0.346641 0.117207 0.64428 0.03
0.523594 0.530869 0.532629 0.03
0.757107 0.555776 0.797238 0.03
0.772822 0.761586 0.110035 0.03
0.591038 0.283898 0.0473311 0.03
0.600111 0.360894 0.565122 0.03
0.0581156 0.209621 0.70608 0.03
0.0868252 0.792874 0.0296346 0.03
0.81842 0.195736 0.605787 0.03
0.178022 0.666046 0.771222 0.03
0.307388 0.12897 0.0975238 0.03
0.250455 0.0210194 0.435903 0.03
0.62476 0.40158 0.74917 0.03
0.135908 0.484902 0.457951 0.03
0.0252075 0.679828 0.392175 0.03
0.473239 0.632009 0.0838266 0.03
0.800928 0.450825 0.624843 0.03
0.102939 0.234138 0.506082 0.03
0.775118 0.280412 0.675463 0.03
0.473383 0.317646 0.486877 0.03
0.794367 0.158126 0.23512 0.03
0.709947 0.484062 0.0286611 0.03
0.466719 0.569667 0.373973 0.03
0.418774 0.0753443 0.157176 0.03
0.494695 0.240887 0.743209 0.03
0.44284 0.710142 0.686414 0.03
0.172724 0.206638 0.631452 0.03
0.155412 0.799999 0.492522 0.03
0.542089 0.196781 0.0722699 0.03
0.237476 0.10481 0.462525 0.03
0.672447 0.485581 0.440467 0.03
0.478001 0.361389 0.634955 0.03
0.669707 0.313972 0.517657 0.03
0.813417 0.811714 0.347635 0.03
0.635864 0.557383 0.138369 0.03
0.35166 0.629479 0.303048 0.03
0.190898 0.145501 0.799524 0.03
0.0222101 0.592191 0.457566 0.03
0.810733 0.623547 0.588919 0.03
0.812573 0.625244 0.259474 0.03
0.127685 0.781417 0.185158 0.03
0.627954 0.342114 0.141143 0.03
0.44615 0.497594 0.719566 0.03
0.0680726 0.633738 0.765179 0.03
0.72254 0.723987 0.368264 0.03
0.745619 0.435238 0.00616485 0.03
0.07269 0.141183 0.543419 0.03
0.360308 0.5505 0.391595 0.03
0.54195 0.491493 0.216423 0.03
0.188465 0.495242 0.822558 0.03
0.714803 0.282099 0.0845317 0.03
0.031104 0.401364 0.463421 0.03
0.586598 0.67034 0.568689 0.03
0.279267 0.730604 0.127942 0.03
0.143979 0.190792 0.756515 0.03
0.469657 0.0176834 0.383977 0.03
0.0733674 0.223598 0.180797 0.03
0.343049 0.114169 0.0518552 0.03
0.512826 0.328208 0.781241 0.03
0.270115 0.498169 0.240802 0.03
0.372381 0.272586 0.105416 0.03
0.302152 0.0283941 0.25244 0.03
0.0720968 0.292366 0.765771 0.03
0.797488 0.533121 0.210545 0.03
0.650556 0.448432 0.385819 0.03
0.822758 0.178866 0.341802 0.03
0.406228 0.10319 0.683143 0.03
0.618905 0.802043 0.102546 0.03
0.122579 0.69575 0.730872 0.03
0.618572 0.173902 0.670489 0.03
0.693853 0.0307302 0.286509 0.03
0.334018 0.204954 0.785682 0.03
0.337953 0.152862 0.178138 0.03
0.0397993 0.380951 0.162379 0.03
0.160834 0.588285 0.0795307 0.03
0.724579 0.167226 0.59802 0.03
0.0754374 0.454069 0.1818 0.03
0.410102 0.577775 0.220678 0.03
0.506102 0.690449 0.341983 0.03
0.0306031 0.0328385 0.165706 0.03
0.473098 0.528779 0.0632182 0.03
0.61854 0.494242 0.574463 0.03
0.265926 0.11665 0.363244 0.03
0.569844 -0.000357973 0.379963 0.03
0.684286 0.379314 0.740907 0.03
0.576778 0.766163 0.402948 0.03
0.596079 0.306779 0.178708 0.03
0.0994292 0.780702 0.78703 0.03
0.247453 0.113087 0.580471 0.03
0.0768905 0.774072 0.595217 0.03
0.0411631 0.69239 0.81045 0.03
0.670433 0.314556 0.108676 0.03
0.54061 0.735634 0.566648 0.03
0.0332575 0.00815636 0.703626 0.03
0.565652 0.0392525 0.18982 0.03
0.499325 0.211113 0.812306 0.03
0.023239 0.419031 0.109408 0.03
0.622017 0.568232 0.468485 0.03
0.519962 0.00386932 0.412545 0.03
0.60447 0.264008 0.543434 0.03
0.316303 0.258387 0.761608 0.03
0.0428036 0.464822 0.801754 0.03
0.238052 0.43405 0.786569 0.03
0.241556 0.212609 0.161197 0.03
0.494738 0.0132082 0.0973139 0.03
0.501961 0.449303 0.722682 0.03
0.281302 0.327621 0.745945 0.03
0.223791 0.526283 0.509883 0.03
0.176705 0.772462 0.218414 0.03
0.170891 0.0244721 0.345358 0.03
0.0297354 0.218769 0.379063 0.03
0.0273951 0.700933 0.0464759 0.03
0.342342 0.731136 0.654523 0.03
0.360377 0.818247 0.77737 0.03
0.644463 0.615634 0.11801 0.03
0.592576 0.610417 0.586376 0.03
0.350985 0.770872 0.422707 0.03
0.664952 0.129796 0.56989 0.03
0.0687709 0.389841 0.417673 0.03
0.00759698 0.361355 0.113455 0.03
0.262935 0.520637 0.062039 0.03
0.359682 0.122651 0.385583 0.03
0.0759313 0.72405 0.704274 0.03
0.542874 0.644696 0.20891 0.03
0.109285 0.413234 0.809823 0.03
0.66609 0.332715 0.299319 0.03
0.152716 0.159195 0.0727742 0.03
0.431775 0.142561 0.154325 0.03
0.401781 0.325524 0.67615 0.03
-0.000655713 0.298832 0.191017 0.03
0.787029 0.122131 0.737898 0.03
0.357426 0.371089 0.380817 0.03
0.509052 0.018962 0.26776 0.03
0.200639 0.311277 0.665401 0.03
0.696182 0.473273 0.0920348 0.03
0.754984 0.280106 0.614481 0.03
0.0597474 0.642755 0.0627834 0.03
0.405636 0.112873 0.445666 0.03
0.0767343 0.093475 0.0782498 0.03
0.455494 0.0369499 0.624518 0.03
0.439644 0.592794 0.748037 0.03
0.215993 0.373716 0.104657 0.03
0.136552 0.669316 0.67902 0.03
0.384442 0.185498 0.241661 0.03
0.0183036 0.261346 0.338184 0.03
0.453971 0.743798 0.205527 0.03
0.106136 0.320059 0.548846 0.03
0.0308989 0.187189 0.754344 0.03
0.523672 0.571276 0.815287 0.03
0.486292 0.74717 0.469047 0.03
0.29502 0.0553598 0.565414 0.03
0.674647 0.375673 0.476852 0.03
0.297866 0.768595 0.212241 0.03
0.585879 0.604145 0.123306 0.03
0.279797 0.466567 0.750012 0.03
0.752933 0.41522 0.621323 0.03
0.646192 0.801686 0.360247 0.03
0.10273 0.728316 0.138857 0.03
0.13662 0.11785 0.292033 0.03
0.797889 0.157878 0.650679 0.03
0.258606 0.261054 0.00605147 0.03
0.674164 0.736533 0.791788 0.03
0.204761 0.584102 0.412563 0.03
0.748301 0.461539 0.745747 0.03
0.390009 0.464388 0.623662 0.03
0.601408 0.252441 0.154088 0.03
0.384434 0.346776 0.228802 0.03
0.780301 0.622768 0.0665854 0.03
0.326245 0.397121 0.546081 0.03
0.203571 0.703699 0.425925 0.03
0.774662 0.693809 0.677912 0.03
0.294299 0.31195 0.155143 0.03
0.578425 0.107579 0.354789 0.03
0.284688 0.56488 0.384371 0.03
0.806127 0.477631 0.314742 0.03
0.42258 0.141112 0.599648 0.03
0.104282 0.467792 0.257331 0.03
0.302414 0.0739703 0.655877 0.03
0.359383 0.589116 0.190899 0.03
0.104365 0.811146 0.390731 0.03
0.42484 0.260849 0.627297 0.03
0.431823 0.556963 0.452702 0.03
0.115136 0.547737 0.576315 0.03
0.568295 0.755066 0.790555 0.03
0.105453 0.187688 0.226733 0.03
0.742627 0.539524 0.623416 0.03
0.773032 0.383738 0.240489 0.03
0.343315 0.382982 0.0146808 0.03
0.444428 0.444274 0.210233 0.03
0.422255 0.670701 0.0748221 0.03
0.561762 0.787575 0.331195 0.03
0.450487 0.799781 0.503356 0.03
0.323107 0.271241 0.353571 0.03
0.456636 0.243665 0.396197 0.03
0.115648 0.6623 0.0479289 0.03
0.412766 0.656938 0.319904 0.03
0.0676069 0.0655394 0.272805 0.03
0.554621 0.348719 0.818773 0.03
0.112719 0.726275 0.598392 0.03
0.452553 0.0532169 0.308572 0.03
0.0364601 0.128502 0.764982 0.03
0.805342 0.248493 0.58037 0.03
0.346664 0.778474 0.820661 0.03
0.593626 0.506291 0.136538 0.03
0.712087 0.086572 0.451662 0.03
0.788085 0.138204 0.529328 0.03
0.774746 0.671569 0.262499 0.03
0.604461 0.0626978 0.324725 0.03
0.486484 0.319837 0.0875252 0.03
0.503566 0.573331 0.13863 0.03
0.416821 0.218968 0.279234 0.03
0.168218 0.779698 0.277465 0.03
0.187257 0.312506 0.261393 0.03
0.268688 0.328193 0.26554 0.03
0.204929 0.763061 0.461484 0.03
0.801841 0.181263 0.0406419 0.03
0.499515 0.54892 0.627175 0.03
0.0247119 0.214077 0.822954 0.03
0.52794 0.0922762 0.392824 0.03
0.41125 0.46609 0.165615 0.03
0.759042 0.574948 0.683744 0.03
0.752326 0.0352663 0.0938615 0.03
0.752351 0.762465 0.51554 0.03
0.584256 0.309134 0.44651 0.03
0.551255 0.732388 0.506765 0.03
0.346323 0.727769 0.594801 0.03
0.39667 0.588984 0.283518 0.03
0.518068 0.310561 0.65645 0.03
0.617392 0.414737 0.480047 0.03
0.0189052 0.461185 0.668694 0.03
0.492475 0.378429 0.515821 0.03
0.0500413 0.257235 0.42776 0.03
0.0990765 0.436481 0.562799 0.03
0.124582 0.101702 0.4735 0.03
0.0757092 0.294667 0.00418569 0.03
0.309153 0.0110139 0.0957853 0.03
0.715268 0.530982 0.0885746 0.03
0.608894 0.628713 0.671974 0.03
0.648681 0.502315 0.114059 0.03
0.716256 0.512015 0.748044 0.03
0.190603 0.607792 0.745962 0.03
0.599569 0.241602 0.787532 0.03
0.123436 0.544241 0.339548 0.03
0.71643 0.282952 0.424952 0.03
0.553086 0.236459 0.28668 0.03
0.745941 0.0356426 0.804993 0.03
0.0812064 0.530659 0.709282 0.03
0.785523 0.522772 0.504269 0.03
0.599727 0.0119303 0.23064 0.03
0.0209247 0.443204 0.421909 0.03
0.505466 0.175899 0.668922 0.03
0.536764 0.322429 0.174058 0.03
0.233058 0.682582 0.576657 0.03
0.465838 0.672349 0.580995 0.03
0.406543 0.0145223 0.157969 0.03
0.328686 0.248506 0.468747 0.03
0.201323 0.594419 0.34354 0.03
0.247256 0.0610306 0.677552 0.03
0.126817 0.726634 0.665132 0.03
0.648563 0.6471 0.235499 0.03
0.49082 0.357183 0.708431 0.03
0.752373 0.7042 0.529475 0.03
0.143138 0.430351 0.202915 0.03
0.658629 0.210973 0.741249 0.03
0.089554 0.243572 0.064401 0.03
0.262057 0.627808 0.807442 0.03
0.0269803 0.20561 0.14238 0.03
0.231858 0.460719 0.289052 0.03
0.65444 0.125999 0.267151 0.03
0.0290627 0.592332 0.718371 0.03
0.0381283 0.308097 0.605363 0.03
0.713812 0.641082 0.0730416 0.03
0.637748 0.344596 0.673563 0.03
0.661044 0.300033 0.822396 0.03
0.672107 0.416577 0.431759 0.03
0.524107 0.292588 0.734232 0.03
0.255151 0.44621 0.624211 0.03
0.10308 0.242216 0.754834 0.03
0.368929 0.805329 0.569776 0.03
0.623433 0.794515 0.767018 0.03
0.753906 0.62491 0.397098 0.03
0.140421 0.726652 0.231251 0.03
0.297817 0.655988 0.381736 0.03
0.621386 0.606587 0.358396 0.03
0.809275 0.511915 0.367997 0.03
0.746578 0.0222874 0.665482 0.03
0.640024 0.702432 0.297945 0.03
0.608944 0.605858 0.727237 0.03
0.598058 0.714573 0.424609 0.03
0.819784 0.0966525 0.500209 0.03
0.107676 0.0784583 0.0208224 0.03
0.240724 0.300247 0.120745 0.03
0.443208 0.608243 0.480933 0.03
0.728009 0.130921 0.664219 0.03
0.52425 0.653199 0.645143 0.03
0.23497 0.104381 0.638359 0.03
0.412166 0.808584 0.694654 0.03
0.0744633 0.198488 0.467298 0.03
0.2285 0.741155 0.38627 0.03
0.787336 0.35558 0.558816 0.03
0.401435 0.179033 0.0177588 0.03
0.233881 0.36733 0.237134 0.03
0.360252 0.0396629 0.261397 0.03
0.313081 0.606137 0.351552 0.03
0.732975 0.521607 0.691341 0.03
0.551419 0.16594 0.77126 0.03
0.415125 0.0262172 0.361663 0.03
0.72594 0.40167 0.187693 0.03
0.0436462 0.46144 0.557692 0.03
0.717009 0.0882467 0.0194007 0.03
0.56973 0.782157 0.479078 0.03
0.605378 0.41333 0.0549302 0.03
0.770776 0.797945 0.798594 0.03
0.729927 0.654663 0.554051 0.03
0.286963 0.0599806 0.362353 0.03
0.748166 0.0385283 0.455414 0.03
0.0896331 0.138307 0.0405845 0.03
0.535846 0.193748 0.418476 0.03
0.741761 0.274008 0.803741 0.03
0.588374 0.344413 0.769588 0.03
0.707619 0.610372 0.0160034 0.03
0.732799 0.291277 0.141088 0.03
0.299198 0.227826 0.230121 0.03
0.121344 0.368987 0.72539 0.03
0.398451 0.552775 0.813587 0.03
0.464267 0.295304 0.211366 0.03
0.7911 0.336244 0.693972 0.03
0.389952 0.47482 0.392903 0.03
0.407124 0.490747 0.219963 0.03
0.579728 0.35907 0.0523062 0.03
0.281358 0.68074 0.160887 0.03
0.715117 0.724504 0.58164 0.03
0.0629445 0.069972 0.13152 0.03
0.55373 0.82001 0.0985547 0.03
0.690678 0.707388 0.633566 0.03
0.670053 0.554044 0.291164 0.03
0.166559 0.430297 0.711017 0.03
0.567692 0.391959 0.29045 0.03
0.79423 0.407477 0.291267 0.03
0.246827 0.369885 0.770835 0.03
0.477664 0.628011 0.41917 0.03
0.215957 0.219814 0.463556 0.03
0.043097 0.737054 0.325138 0.03
0.0596513 0.636089 0.00318905 0.03
0.43526 0.341033 0.80159 0.03
0.621743 0.361681 0.452468 0.03
0.119205 0.0704586 0.422964 0.03
0.229788 0.59913 0.117077 0.03
0.338567 0.573327 0.286823 0.03
0.398272 0.756849 0.588415 0.03
0.167434 0.325574 0.737533 0.03
0.193147 0.465871 0.60149 0.03
0.80494 0.709046 0.195987 0.03
0.286903 0.566966 0.574994 0.03
0.220274 0.077845 0.36616 0.03
0.783342 0.315561 0.36691 0.03
0.00891282 0.509052 0.568477 0.03
0.0858264 0.761832 0.362724 0.03
0.178581 0.743731 0.162357 0.03
0.0870259 0.431098 0.0746978 0.03
0.124094 0.360777 0.620084 0.03
0.614514 0.405972 0.146009 0.03
0.416458 0.170467 0.345995 0.03
0.390756 0.693699 0.147752 0.03
0.247443 0.350894 0.0591041 0.03
0.781406 0.506192 0.820306 0.03
0.781048 0.474874 0.256324 0.03
0.668631 0.679266 0.774905 0.03
0.72363 0.0344148 0.721398 0.03
0.508189 0.741144 0.616664 0.03
0.664837 0.369998 0.346492 0.03
0.273604 0.794782 0.154761 0.03
0.727979 0.602593 0.524786 0.03
0.325756 0.342384 0.275538 0.03
0.49443 0.104795 0.657626 0.03
0.727584 0.379524 0.018957 0.03
0.197503 0.148643 0.428381 0.03
0.474957 0.739457 0.262425 0.03
0.513097 0.016726 0.207512 0.03
0.763388 0.736523 0.163231 0.03
0.162846 0.348309 0.220243 0.03
0.237017 0.745873 0.695629 0.03
0.666559 0.527019 0.589399 0.03
0.515761 0.130742 0.706949 0.03
0.212873 0.0514674 0.761363 0.03
0.795484 -0.00530299 0.101787 0.03
0.0645489 0.22324 0.252051 0.03
0.730692 0.392643 0.464711 0.03
0.256824 0.145257 0.422989 0.03
0.576782 0.509545 0.335032 0.03
0.155333 0.309549 0.0267254 0.03
0.632818 0.0521163 0.0312739 0.03
0.512884 0.0514716 0.548964 0.03
0.540865 0.0632015 0.448569 0.03
0.268742 0.108987 0.056222 0.03
0.405803 0.349473 0.524189 0.03
0.405295 0.498169 0.675641 0.03
0.19323 0.0535305 0.240596 0.03
0.433889 0.581133 0.641742 0.03
0.196283 0.826829 0.202654 0.03
0.65899 0.833837 0.239227 0.03
0.672778 0.626012 0.382118 0.03
0.384109 0.518644 0.727974 0.03
0.736993 0.677516 0.3086 0.03
0.677837 0.658791 0.446926 0.03
0.534305 0.536667 0.429899 0.03
0.672131 0.050192 0.16285 0.03
0.323467 0.26788 0.0567286 0.03
0.250159 0.323428 0.54551 0.03
0.501051 0.535932 0.220359 0.03
0.170263 0.25651 0.248348 0.03
0.613948 0.0154976 0.549023 0.03
0.203954 0.318611 0.394429 0.03
0.55505 0.51751 0.0779441 0.03
0.217083 0.519411 0.219053 0.03
0.419243 0.718867 0.314563 0.03
0.521727 0.144385 0.291374 0.03
0.278189 0.397174 0.596235 0.03
0.584409 0.101906 0.487533 0.03
0.705302 0.177613 0.158422 0.03
0.155152 0.497165 0.402749 0.03
0.0708467 0.0256245 0.65829 0.03
0.585722 0.450053 0.117378 0.03
0.524819 0.25004 0.58056 0.03
0.184392 0.560921 0.247423 0.03
0.473104 0.72367 0.738741 0.03
0.0574266 0.730057 0.0990665 0.03
0.669542 0.428195 0.333068 0.03
0.474944 0.691341 0.0552487 0.03
0.0268045 0.737682 0.225975 0.03
0.728161 0.674438 0.418769 0.03
0.556534 0.0498715 0.248088 0.03
0.81304 0.27349 0.46714 0.03
0.819127 0.777518 0.565821 0.03
0.257014 0.0115896 0.539029 0.03
0.423627 0.133915 0.392599 0.03
0.599313 0.0316647 0.0781561 0.03
0.4777 0.397027 0.226904 0.03
0.793802 0.339465 0.299146 0.03
0.168033 0.0134318 0.599719 0.03
0.632096 0.356777 0.615264 0.03
0.531373 0.609896 0.68601 0.03
0.783545 0.220947 0.227129 0.03
0.310397 0.150926 0.231357 0.03
0.76483 0.106832 0.32303 0.03
0.16424 0.617183 0.667432 0.03
0.732139 0.393627 0.128722 0.03
0.463945 0.469686 0.137573 0.03
0.7092 0.546517 0.435269 0.03
0.42158 0.593319 0.405372 0.03
0.513081 0.787904 0.130097 0.03
0.397749 0.814337 0.252957 0.03
0.265948 0.525054 0.121649 0.03
0.593548 0.432938 0.53254 0.03
0.623347 0.685445 0.0287207 0.03
0.298477 0.168979 0.387219 0.03
0.50163 0.450961 0.243262 0.03
0.085667 0.344366 0.481523 0.03
0.265535 0.13565 0.194857 0.03
0.133667 0.263553 0.155599 0.03
-0.000267554 0.670887 0.0902473 0.03
0.419649 0.502205 0.0627534 0.03
0.768384 0.78985 0.45146 0.03
0.828464 0.80281 0.249814 0.03
0.506861 0.623446 0.486343 0.03
0.623184 0.129738 0.809293 0.03
0.238807 0.299069 0.776724 0.03
0.808222 0.725841 0.527458 0.03
0.368912 0.586768 0.341351 0.03
0.415262 0.318285 0.473488 0.03
0.348361 0.673041 0.229552 0.03
0.650126 0.269552 0.77213 0.03
0.171472 0.406983 0.390061 0.03
0.106322 0.190531 0.546877 0.03
0.707921 0.342287 0.700226 0.03
0.160432 0.0903247 0.665289 0.03
0.335952 0.0503755 0.478447 0.03
0.646762 0.807992 0.659578 0.03
0.301062 0.0028147 0.750283 0.03
0.817511 0.570868 0.671421 0.03
0.00824021 0.309684 0.0225505 0.03
0.546445 0.258006 0.0773236 0.03
0.786256 0.121185 0.0294763 0.03
0.439566 0.677749 0.178169 0.03
0.746579 0.489705 0.473214 0.03
0.466703 0.18534 0.388724 0.03
0.358856 0.543183 0.578934 0.03
0.346259 0.426174 0.654913 0.03
0.0444151 0.0781323 0.202306 0.03
0.148325 0.217211 0.471278 0.03
0.285277 0.632632 0.435333 0.03
0.269568 0.688695 0.254844 0.03
0.122306 0.445839 0.508457 0.03
0.162972 0.00761251 0.731359 0.03
0.642548 0.384658 0.243724 0.03
0.81125 0.0449457 0.371838 0.03
0.181692 0.0745514 0.306468 0.03
0.753106 0.667868 0.777165 0.03
0.43674 0.419202 0.324935 0.03
0.199274 0.233702 0.0138615 0.03
0.0764536 0.404717 0.616426 0.03
0.5718 0.546725 0.215823 0.03
0.642351 0.422215 0.568765 0.03
0.6876 0.197297 0.33544 0.03
0.313866 0.534948 0.156264 0.03
0.319632 0.324944 0.379781 0.03
0.798924 0.177021 0.436741 0.03
0.749739 0.357215 0.605355 0.03
0.00942395 0.07333 0.44619 0.03
0.756012 0.247459 0.273167 0.03
0.51725 0.680145 0.0959667 0.03
0.364814 0.346276 0.458079 0.03
0.266584 0.588471 0.49551 0.03
0.365607 0.737713 0.179573 0.03
0.249386 0.669914 0.694668 0.03
0.622835 0.264946 0.436495 0.03
0.176951 0.350684 0.593725 0.03
0.579197 0.0747865 0.708777 0.03
0.427209 0.407518 0.559926 0.03
0.501127 0.425136 0.0534769 0.03
0.203405 0.788775 0.10279 0.03
0.634374 0.200112 0.476467 0.03
0.374903 0.775092 0.291935 0.03
0.711141 0.160874 0.403257 0.03
0.18337 0.63688 0.106541 0.03
0.393115 0.633245 0.439563 0.03
0.374334 0.380204 0.579569 0.03
0.118917 0.0339006 0.761743 0.03
0.191732 0.253599 0.545336 0.03
0.199686 0.661003 0.646984 0.03
0.299857 0.645156 0.205275 0.03
0.72405 0.610899 0.651217 0.03
0.0471172 0.654156 0.279702 0.03
0.794842 0.133298 0.369755 0.03
0.510542 0.322121 0.325809 0.03
0.225436 0.0543118 0.492013 0.03
0.206863 0.732525 0.327983 0.03
0.689946 0.0177083 0.115696 0.03
0.185413 0.402062 0.234135 0.03
0.591676 0.207695 0.0159898 0.03
0.304792 0.329615 0.027831 0.03
0.0471014 0.00618297 0.479577 0.03
0.0489653 0.482124 0.365427 0.03
0.142862 0.145033 0.0139579 0.03
0.624629 0.552241 -0.00651381 0.03
0.24117 0.459004 0.359085 0.03
0.699335 0.274389 0.483976 0.03
0.547515 0.622661 0.0135762 0.03
0.766105 0.682079 0.474978 0.03
0.233522 0.526629 0.45079 0.03
0.360312 0.508431 0.0133259 0.03
0.262075 0.586501 0.0295341 0.03
