7.71021 10.6062 5.91934 0.217513
5.85643 8.52155 5.99748 0.282825
11.7969 13.99 5.69994 0.388675
7.26407 12.7107 5.51751 0.507575
8.78343 6.70809 5.16655 0.354871
6.63237 9.70458 6.42316 0.223495
9.01273 10.2351 4.69186 0.327873
6.82611 11.182 5.34845 0.213343
8.57821 6.50656 9.28098 0.474686
3.79305 8.90701 4.8198 0.243364
15.8104 9.63479 3.84705 0.47203
5.91564 4.77783 6.93301 0.262763
8.54327 16.299 4.78721 0.286109
7.86159 6.24416 5.04026 0.476094
8.27932 7.06996 4.80186 0.351547
3.87878 5.13792 6.64882 0.225581
8.03089 6.8345 6.93142 0.334378
8.68977 6.01668 6.44593 0.340974
9.22379 11.228 6.88674 0.584069
10.5946 12.7885 6.43311 0.322232
7.89038 9.46656 8.11902 0.433419
19.4655 12.0222 4.08006 0.440401
7.8649 12.4246 4.67665 0.400305
12.5972 5.32727 7.27738 0.583426
12.7087 12.2005 6.45336 0.592789
5.4008 5.34494 5.68821 0.570327
9.76531 13.1608 3.37861 0.280291
8.91727 9.79205 5.85163 0.337602
13.8691 7.45817 5.66854 0.534743
5.70662 4.59559 8.52458 0.270164
11.2974 11.8446 8.26753 0.26634
5.88079 9.84747 6.20381 0.559314
9.60378 8.06648 4.97827 0.328943
13.8308 10.1509 7.70631 0.371913
5.31706 11.99 4.85471 0.289776
7.41503 13.0461 4.71144 0.360347
4.13229 8.0301 5.45614 0.386589
7.93567 6.16855 5.82273 0.293906
10.2617 12.8726 3.48893 0.294429
8.12608 7.15948 5.51658 0.386831
7.07482 4.95067 4.14838 0.380657
12.0532 13.4569 7.06396 0.565626
11.214 7.60269 6.23045 0.210804
11.4027 11.1041 4.3317 0.472484
11.8784 7.05042 5.69045 0.524049
10.9708 4.33955 5.30072 0.409946
12.7429 14.4894 6.18335 0.317489
9.99047 13.959 6.32606 0.22073
5.90219 5.75031 4.83712 0.454465
13.8598 10.3052 4.54932 0.47972
8.11359 12.7404 5.2505 0.296235
13.5675 12.4556 5.53223 0.343423
7.24812 12.0135 4.04377 0.498541
10.3885 6.23075 4.24232 0.412139
13.5912 8.90588 6.762 0.331054
7.95415 10.9241 8.33445 0.481522
6.37656 12.5379 5.08968 0.284856
8.50592 13.0176 7.46927 0.514679
9.50087 12.6575 1.72068 0.394158
7.95155 11.1463 6.26357 0.442658
13.3041 3.80624 5.78989 0.354784
6.68868 5.2771 5.08221 0.285793
7.16766 4.57122 8.58325 0.597352
11.9689 7.02215 8.64774 0.439869
9.90633 5.92279 5.07551 0.429169
11.6892 3.44375 4.47595 0.309529
6.11025 13.5761 6.27515 0.543968
5.05634 4.72019 6.59625 0.581315
5.3128 8.01537 7.88159 0.378767
9.9523 10.4335 8.34418 0.40329
11.3918 10.635 3.38285 0.248183
8.07844 5.64474 5.39633 0.208224
10.3625 8.80467 7.63711 0.421919
7.75717 13.446 5.65158 0.33127
9.82854 7.7424 7.72683 0.510173
11.6298 9.95778 7.91428 0.462085
7.2712 8.61753 7.51254 0.325743
14.0894 7.91037 4.69627 0.568575
9.86043 6.54848 7.46468 0.459904
12.2718 10.2465 5.48938 0.286319
18.8495 9.46198 4.34873 0.243926
8.50747 13.549 6.38743 0.484937
9.58094 6.28021 8.60918 0.562863
5.01356 4.49261 3.83574 0.462112
8.89553 7.28551 5.6473 0.388962
9.75433 12.9155 4.72326 0.542762
5.78757 12.7463 4.48279 0.592145
10.743 8.65609 8.29788 0.335947
11.4821 6.42819 7.93406 0.502068
12.9437 6.63717 7.78728 0.471583
9.42107 6.12682 4.71878 0.203078
16.9976 10.2622 3.43208 0.416884
10.8401 7.47472 5.5913 0.280799
14.5809 12.1597 4.79118 0.555501
12.0694 10.1693 6.64494 0.5333
11.1766 5.43726 3.88592 0.564698
11.77 12.7137 5.13946 0.390221
7.21191 4.127 3.91305 0.398174
7.94954 3.692 4.89931 0.398966
4.6549 8.6834 6.47472 0.534512
5.81518 9.48317 5.14408 0.551343
7.10322 8.71442 6.79079 0.348605
6.85166 9.66836 4.93332 0.44511
8.22436 7.56502 6.47074 0.431065
4.65386 6.12434 3.83883 0.500373
11.4348 6.28479 4.09914 0.324411
5.03682 6.29613 5.7615 0.378245
15.8537 8.7348 3.75696 0.388267
4.55052 6.13022 6.56769 0.535567
5.69892 11.8959 5.42212 0.320844
5.1486 10.5625 6.46112 0.482073
6.90542 7.96965 5.96628 0.209719
7.3713 5.53021 5.67655 0.51335
11.8032 9.47453 7.18433 0.23839
10.9897 4.68406 6.43581 0.204482
10.6987 7.37136 8.38051 0.332397
8.89592 12.4911 4.7755 0.352592
5.45852 7.50085 4.96631 0.363479
7.90073 12.9173 8.69294 0.437637
10.3676 8.15684 6.73319 0.549607
6.54992 12.7621 6.88465 0.513499
17.3579 6.74589 4.01528 0.489689
6.90843 10.1392 5.81815 0.559531
3.79591 9.39268 6.19989 0.450859
11.1066 8.61529 7.2994 0.365497
16.8213 11.0676 4.14845 0.365326
20.0611 13.5817 4.79436 0.254285
15.3467 13.6331 5.73317 0.408249
9.9829 7.84263 1.44491 0.291413
8.52719 10.8849 4.93277 0.465471
8.77985 5.04418 6.64076 0.58281
5.78131 11.7812 7.00702 0.558941
6.27218 14.8918 6.29265 0.350005
8.96117 8.85093 5.69279 0.595321
9.04663 10.7277 8.06854 0.53668
9.79055 8.29238 3.29182 0.445897
7.25591 9.68662 4.00379 0.490768
8.06093 4.54828 6.00395 0.45561
7.77399 6.87981 6.18482 0.424983
10.6461 14.2107 3.69173 0.342411
6.55426 8.97473 5.14531 0.310395
18.1996 7.84968 5.42488 0.395092
5.52889 5.37081 4.14922 0.417327
6.51378 12.0272 5.55638 0.438316
10.592 4.63444 4.08753 0.425005
9.62969 7.93765 5.85184 0.542803
11.1816 8.66375 6.07866 0.507608
8.15691 11.1164 5.56251 0.24287
5.36525 9.07864 7.44924 0.263029
6.72225 4.66864 6.88721 0.538621
6.74834 12.5495 4.48614 0.316586
7.81039 12.7043 1.30961 0.207394
5.82282 10.4051 5.08004 0.301096
6.55461 10.5019 5.0367 0.369122
9.4769 5.55678 6.23712 0.29264
11.3945 9.15719 3.48073 0.356837
11.484 5.32655 5.42867 0.268027
7.29708 10.345 4.66709 0.396256
6.40066 10.0502 4.35715 0.325193
13.3302 13.1205 5.10678 0.272583
13.4489 6.51133 6.12219 0.343133
13.6683 6.88361 4.5793 0.492672
8.89864 10.7199 5.88577 0.579718
11.814 10.9401 5.9165 0.558867
6.25707 10.7526 4.37913 0.392325
5.55799 5.73439 6.46537 0.324019
15.7166 10.1871 4.99907 0.326302
4.3483 5.01902 4.95146 0.232193
5.81726 8.10181 8.48382 0.31037
11.5692 6.87024 3.27987 0.228825
11.0637 7.20608 4.50114 0.313415
5.24173 14.0236 7.203 0.561444
8.6547 9.5416 6.915 0.256883
9.36557 7.40427 5.01843 0.353123
6.01072 8.59672 5.33972 0.371078
12.6713 12.5401 5.44525 0.261178
9.55344 12.6856 6.39286 0.280177
10.3151 6.97245 5.82696 0.406605
10.3803 12.2283 4.06127 0.588485
11.4326 9.1029 4.85077 0.48202
6.88622 9.62318 7.19293 0.58969
8.0953 9.83226 6.68071 0.252565
5.10853 8.96866 5.64651 0.452076
18.9113 10.5676 4.56335 0.307816
10.566 11.1624 6.33251 0.447293
15.8148 9.2926 1.35767 0.383064
12.145 8.26644 5.47511 0.554448
12.6232 11.6599 7.40569 0.273385
11.8707 10.0107 4.8123 0.469531
10.4496 13.8489 5.56265 0.568273
6.79409 7.80228 4.30469 0.391714
5.1655 6.56104 4.38102 0.200788
7.19394 10.5034 3.94885 0.266867
12.3355 7.20785 7.3138 0.369666
13.3344 12.8483 4.53204 0.351287
9.12389 7.94852 7.3272 0.329672
7.82161 15.6036 4.67451 0.332174
15.025 6.21388 2.04068 0.474897
13.6646 5.99997 5.14047 0.380473
7.16123 8.34123 5.32745 0.538139
9.43476 7.865 9.13474 0.382052
10.7479 9.65935 6.3468 0.470047
11.269 13.3908 8.39613 0.568565
5.29476 11.2498 8.11725 0.34364
17.354 12.5545 4.01561 0.509121
9.42029 9.71207 7.41237 0.560198
9.76182 8.74898 4.25223 0.522015
10.964 3.85301 4.46294 0.505075
9.16943 6.85592 6.50436 0.596513
6.28796 8.12366 6.09998 0.202148
4.44085 7.3529 6.74222 0.557706
9.90949 9.32055 7.88678 0.20917
9.52984 10.8643 4.89301 0.281964
13.1888 7.21571 6.00223 0.27404
4.92577 6.90007 6.25892 0.220767
4.53601 3.91281 6.30912 0.368577
11.192 11.0518 5.20535 0.38855
7.27984 10.9625 7.65019 0.421519
16.0192 5.05877 3.14239 0.531661
7.19837 10.9813 3.82593 0.208114
13.2593 10.5908 5.13648 0.415831
9.79125 11.0502 6.03183 0.384322
9.92896 4.69628 6.40906 0.586289
3.58521 6.61258 3.59426 0.427787
9.4719 13.4718 5.87921 0.3975
4.7608 10.5463 8.55534 0.464385
12.013 11.745 5.01702 0.590303
11.5075 11.2274 8.22255 0.270185
15.9441 6.14415 3.37822 0.546534
6.85748 4.60329 4.80088 0.359009
9.20607 11.6296 4.83874 0.54882
12.106 8.85633 7.67726 0.543641
10.9099 10.5565 7.11869 0.459224
9.1108 5.40737 8.61741 0.353504
9.86225 6.90568 3.55042 0.535088
6.15568 11.6611 4.68422 0.573151
11.0012 8.05782 7.93319 0.303389
5.77387 9.55722 8.91873 0.455235
14.3276 10.7995 6.09354 0.484833
4.71137 9.10691 4.17308 0.559305
6.22403 7.16357 4.48482 0.46585
15.1317 9.99191 5.3214 0.27868
6.56203 5.53328 4.33658 0.396309
9.93577 11.5383 5.59116 0.220299
11.5554 6.65075 6.80121 0.582969
6.70365 7.33257 6.47601 0.580101
12.8609 4.44627 4.94552 0.361827
10.0771 2.90721 4.91332 0.529301
10.0992 13.1785 6.8172 0.252301
10.1651 12.5573 8.43928 0.484855
12.8518 11.083 7.13471 0.287381
4.49291 11.5878 3.96845 0.562479
11.5128 11.5067 8.87615 0.233965
9.73504 12.2933 3.23136 0.442423
4.84907 9.90398 4.78906 0.239569
8.36595 8.14902 5.8999 0.312352
3.79472 7.66272 3.31043 0.273411
6.29302 10.6794 6.25174 0.282784
4.50971 10.8186 5.12173 0.30012
6.59742 8.04581 7.29991 0.50631
14.4772 13.4113 4.93836 0.441975
10.8042 6.99777 7.86387 0.317957
6.88755 11.6978 6.51644 0.592427
10.8988 9.54624 7.33328 0.5367
7.74812 6.67847 7.59032 0.385473
7.73235 4.39251 6.87479 0.489008
10.937 10.417 8.45324 0.519672
10.775 14.5238 4.76071 0.413086
9.36447 12.2733 7.4687 0.505312
11.3153 7.62899 3.66148 0.39784
10.3569 6.12238 5.62802 0.261996
9.18625 3.59723 4.72017 0.44657
9.02133 3.35598 5.42857 0.215923
9.15188 6.66347 4.4988 0.241868
13.519 8.74282 4.10921 0.233626
9.77245 6.40818 5.72166 0.367244
11.2827 12.3178 7.50915 0.381959
11.0102 8.37347 3.55286 0.217225
11.9434 12.0213 7.92687 0.371085
3.4957 11.1182 3.26071 0.30035
11.1724 8.0168 4.89376 0.576998
3.98143 8.33542 3.66807 0.471576
10.7967 11.3309 7.77799 0.520474
7.22795 7.0634 5.38463 0.507074
3.05133 4.83339 3.12084 0.234384
6.52583 5.69623 6.52059 0.561105
13.1436 7.04179 6.64732 0.371031
7.60619 8.09551 6.75743 0.402814
6.74942 8.24995 6.41384 0.246473
6.12619 11.2655 5.54472 0.325038
12.2635 9.03473 6.45071 0.466883
9.47803 8.71679 7.82674 0.462723
14.5137 12.5828 7.65038 0.551608
9.66471 10.3183 9.17226 0.423477
6.66096 12.8739 8.00497 0.542801
15.5118 16.1379 3.47666 0.473157
9.18563 11.931 5.66949 0.327203
9.4613 7.097 4.42328 0.246947
9.0849 8.71736 6.84109 0.568905
10.2589 10.8708 5.24497 0.520341
7.34102 6.7421 6.82148 0.356196
10.7822 4.79607 5.73551 0.230436
11.4549 3.83613 6.08324 0.454818
5.31242 13.8692 5.40131 0.571519
10.2058 6.93468 8.0998 0.293983
12.6912 4.13474 7.2929 0.582064
13.013 14.2783 5.25788 0.42193
8.04357 10.0102 5.4835 0.593632
4.22521 6.25142 8.30193 0.528313
10.5859 5.16519 5.13085 0.447857
15.7263 12.176 3.11136 0.490274
9.03667 9.90254 5.21576 0.284295
4.18889 14.5518 9.6498 0.218978
9.74157 11.7433 3.69138 0.257172
7.00089 6.11636 7.10565 0.216012
8.92252 4.4922 5.35919 0.239622
14.7331 8.88652 4.60309 0.536485
12.6137 6.02348 8.47161 0.357009
7.44732 9.31991 5.33864 0.323036
11.2334 5.43898 6.59466 0.577119
10.0339 9.88173 4.54546 0.214805
5.57327 6.64119 5.01408 0.504313
11.2419 10.1029 5.51902 0.478001
13.1548 10.7438 6.40575 0.391949
8.60882 11.4523 5.43163 0.220289
8.89243 11.6349 7.53318 0.260429
7.54316 9.62605 6.34144 0.412421
15.9478 7.32629 2.24494 0.486535
9.12916 9.66759 6.5746 0.323045
6.35693 10.1887 7.9939 0.378058
11.6581 6.7467 4.67087 0.450467
11.3914 12.5425 6.58967 0.427573
9.63737 9.41569 5.08036 0.457321
10.1903 4.12558 7.63385 0.464322
14.7404 12.2236 5.99965 0.208653
12.0384 5.11777 5.26059 0.330073
9.05478 5.54915 4.73352 0.386599
5.36678 2.86918 4.06872 0.430541
10.2285 7.37171 5.02164 0.463858
12.8228 5.52934 5.00599 0.512314
5.99743 15.8482 4.52827 0.38489
11.1711 7.12059 5.32399 0.205251
13.1476 7.94094 6.09378 0.419756
5.74141 7.01914 5.69253 0.28846
7.18406 6.88896 4.09888 0.496279
5.9223 8.17176 4.50395 0.561709
9.99259 12.3675 5.71572 0.586432
11.52 10.6852 7.49167 0.246723
11.9295 10.6801 8.31638 0.393937
14.2425 9.62807 5.05743 0.31809
7.24351 10.6425 6.73126 0.536393
5.7876 7.08679 7.90216 0.560942
4.00948 6.40796 4.86118 0.450603
8.43345 7.35578 7.46676 0.515051
7.48774 7.39416 6.99686 0.317163
12.4352 8.13812 7.48162 0.258427
5.12705 9.4538 6.8235 0.365117
7.2895 8.63043 4.26315 0.569676
14.4858 6.56332 4.88647 0.220633
8.53631 6.07536 8.25134 0.557974
6.51601 8.87703 8.29758 0.584314
5.26009 12.6305 5.44183 0.502151
15.5887 10.2755 3.22746 0.248906
11.5042 7.52481 7.54736 0.513528
9.97366 5.45411 5.80686 0.324121
5.61371 9.98032 4.26505 0.465099
6.17598 5.83536 5.5695 0.282783
5.3795 10.958 4.95314 0.413821
11.1485 7.91099 5.84887 0.268573
7.12001 10.6908 8.4393 0.358937
10.5084 6.20756 8.03996 0.344938
6.27365 7.69052 5.44505 0.559104
10.8744 10.5392 4.27826 0.281761
7.87218 9.04523 7.07179 0.528373
8.11132 11.446 7.2153 0.521246
10.6168 9.10826 9.06548 0.523897
3.31542 11.2784 5.01732 0.498098
7.51388 8.6105 6.15137 0.385936
5.87274 8.87774 6.82237 0.559517
8.16095 9.03534 4.94461 0.521765
9.87363 5.41061 4.00449 0.577047
10.166 11.0512 7.16168 0.339869
4.69514 7.17643 5.41498 0.567889
16.9235 13.0359 1.9305 0.47336
10.006 4.05476 3.66566 0.47239
7.19052 4.55727 5.9351 0.37054
10.8058 12.6483 5.87759 0.205425
13.4855 11.0653 4.54665 0.245532
7.71599 5.89906 6.66683 0.575873
8.52842 6.60846 5.84035 0.351546
12.6791 10.807 5.74267 0.315354
11.5509 5.64457 4.75969 0.40776
8.80216 12.7853 5.72495 0.538024
10.7582 15.1818 5.6665 0.493967
13.0726 7.40806 8.33522 0.257964
8.58604 11.6798 8.28655 0.496649
5.0834 5.0865 4.66558 0.237597
6.48124 11.1292 6.99855 0.237524
9.8599 5.06832 7.54052 0.451051
13.8218 10.6509 7.02942 0.436241
11.5591 4.83852 4.56583 0.387481
6.52458 14.0575 8.1969 0.377687
7.8754 14.3399 6.03006 0.533401
9.43674 13.5231 6.74432 0.454158
13.4699 5.96841 7.40391 0.333224
12.5769 13.905 5.74173 0.240819
4.61114 11.4622 6.16328 0.548884
5.88185 14.2051 4.43952 0.50279
9.91837 10.5001 7.60022 0.294521
13.0535 8.8831 5.85182 0.437964
14.2861 6.88591 6.36724 0.42142
14.2604 8.63723 5.64379 0.553094
7.94716 11.7041 5.70147 0.343375
6.86084 6.96762 8.98434 0.237515
4.38215 14.4473 5.1499 0.447725
8.46141 9.07023 8.99601 0.429292
9.86169 13.9335 3.32986 0.390495
7.92482 12.8779 6.8096 0.357409
3.9869 10.6747 8.13113 0.212397
8.57526 11.7758 6.0037 0.340662
9.63026 11.3085 5.40868 0.201263
4.0179 5.31729 7.27797 0.422109
8.27459 6.49825 6.46316 0.253064
3.02683 6.84134 7.14733 0.238657
12.4476 8.99089 4.89779 0.340846
3.56595 13.1818 3.25117 0.443671
4.6045 13.1993 6.14821 0.522301
12.3509 13.4734 5.17464 0.497441
10.781 6.5664 5.00026 0.500772
11.0513 6.55118 5.9254 0.431905
6.15396 6.20316 4.29016 0.2974
12.8306 9.26029 7.11728 0.405991
13.3839 13.8334 5.87476 0.430234
7.03911 6.4281 6.02988 0.422268
9.86467 10.0525 5.86728 0.569457
9.94956 7.35089 6.41662 0.331862
10.2083 12.0108 6.81187 0.588011
9.69679 4.97093 5.08558 0.330278
4.74177 8.35873 3.46156 0.261462
7.25514 5.62453 7.74637 0.58843
12.811 13.1176 5.87798 0.30987
4.80952 7.93017 5.86674 0.295446
7.56906 8.74516 8.17382 0.363651
7.10993 11.8168 4.96677 0.417855
12.3739 10.0778 8.48641 0.320117
8.13352 8.24823 7.49717 0.413852
5.12382 5.64741 7.87842 0.526167
6.20305 4.059 4.52526 0.541585
13.5653 3.64593 4.75545 0.533577
12.0326 12.896 5.93928 0.428518
15.5615 11.9459 5.58091 0.420644
5.15681 14.8413 6.02028 0.370903
16.9246 5.29497 3.82745 0.252843
6.11079 4.88556 4.30634 0.30141
3.45491 6.96545 5.53719 0.503742
3.43086 11.5817 6.20417 0.302181
6.96263 13.9113 5.59072 0.530079
6.94785 13.8041 4.38977 0.591671
5.00462 6.62948 3.27037 0.236362
8.27064 7.15005 8.42295 0.477031
3.49563 13.0486 6.5837 0.323436
7.51079 7.73014 6.0056 0.437643
9.68754 10.2227 4.87138 0.368727
13.3952 9.85829 6.7257 0.441796
4.4587 10.323 4.15259 0.583189
7.37214 3.4985 2.83875 0.235994
7.36842 5.84732 4.20146 0.467949
12.2548 10.7702 5.02834 0.406438
12.4059 14.8877 5.12776 0.442366
14.8016 4.0638 4.8124 0.556692
8.4216 12.9938 4.80806 0.271549
6.39088 9.09974 4.4236 0.445362
4.91047 12.3139 6.61735 0.393352
6.85011 6.82709 7.49872 0.488809
6.71414 15.1162 8.39573 0.331254
9.75978 5.40483 1.70049 0.336406
10.705 9.77411 4.74592 0.487912
7.22363 3.01 4.18812 0.504335
12.5164 7.82888 7.06826 0.250439
9.55258 13.7311 4.32569 0.391489
7.51861 10.8822 5.29432 0.442657
7.79957 8.14861 8.35671 0.296187
5.94936 5.28554 8.77466 0.476805
12.1371 5.84341 5.89476 0.59499
8.1914 8.58841 6.31955 0.237695
5.84022 10.2301 7.19683 0.48678
9.87668 8.5053 8.66094 0.38675
12.0965 9.42127 5.56994 0.513697
12.1659 12.5835 8.45525 0.352994
10.3197 11.0701 3.83193 0.590949
4.10274 8.84064 1.27482 0.278881
9.09486 5.0031 5.05262 0.24705
7.55338 13.7432 1.67866 0.246481
7.51665 11.1334 4.42591 0.450124
11.0573 11.8878 5.64027 0.560303
8.94426 13.972 7.01742 0.257686
13.2005 5.105 5.77266 0.415988
7.34869 12.0817 7.659 0.550205
4.57129 8.34359 7.6011 0.444746
13.7536 9.95066 5.77737 0.547036
14.2154 5.42522 1.9416 0.567803
6.02212 4.38139 5.66344 0.530582
13.5525 2.81057 6.04748 0.453425
9.00034 5.87886 5.64085 0.534389
11.7996 4.13545 4.75334 0.381772
8.677 8.36299 8.36793 0.546497
5.85252 12.3568 6.12303 0.420166
7.88923 11.751 4.47082 0.212257
11.9934 7.78004 6.5181 0.510041
4.91781 10.7593 7.40046 0.48608
15.7084 7.0894 3.09488 0.388015
9.11889 13.7237 5.16962 0.305003
5.45597 11.2371 4.09408 0.421981
4.47815 12.955 4.50245 0.452208
10.1573 9.67673 3.77136 0.56845
13.2941 9.30131 4.85679 0.534521
9.32733 14.4975 5.05764 0.227979
15.2516 7.9151 4.47581 0.299587
12.4536 5.24311 8.76024 0.221958
5.63608 6.42849 6.99933 0.308381
8.55778 9.07824 7.45591 0.226372
11.4918 4.45026 7.04725 0.479194
7.19539 13.6605 6.75082 0.591816
8.17082 10.3172 7.38309 0.595839
8.87776 14.5077 4.7517 0.312097
8.14663 14.3947 5.16194 0.283138
10.0832 11.7195 5.09966 0.302879
9.62335 6.71758 4.91283 0.326071
7.96069 12.1887 6.33273 0.452194
13.0975 10.1219 7.31397 0.245832
8.00966 2.33708 5.37631 0.255143
10.3096 9.61808 8.26573 0.391086
12.9854 8.54886 6.60637 0.369367
12.8861 11.5473 5.60665 0.429972
10.9174 6.83822 3.7798 0.471237
8.27663 4.84781 5.03284 0.564196
16.4208 4.88819 1.26936 0.316564
10.8755 13.1607 7.18413 0.562692
3.48781 11.4913 7.61791 0.473572
13.0576 6.33597 4.78984 0.288358
6.64962 9.03502 6.01169 0.562578
12.8246 9.83321 5.79369 0.341657
8.93311 6.21125 4.70327 0.245624
9.56224 4.41245 4.33863 0.362506
12.6213 6.72853 6.16828 0.403508
12.2226 7.51243 4.98581 0.350669
15.7028 8.88209 5.31733 0.505138
8.21843 10.3875 6.42809 0.358194
15.3509 10.514 6.37542 0.282685
11.3589 8.50145 4.01924 0.330184
8.86632 3.68935 6.16888 0.575313
7.5013 10.0047 8.49021 0.234168
7.629 6.55164 8.40038 0.282621
6.83761 11.3044 4.12214 0.28404
11.0902 13.7968 6.05323 0.240417
3.53786 4.77811 3.44273 0.209324
4.99917 8.29743 5.15113 0.327965
8.73163 6.07851 7.25108 0.444703
12.0286 10.9162 7.13346 0.30443
7.89191 13.7373 4.80052 0.438148
16.4314 11.4486 3.18606 0.46534
11.1131 15.506 4.05667 0.316169
10.6834 10.3801 6.00085 0.309374
7.40484 4.14315 5.26024 0.399369
10.7149 5.83385 5.89482 0.220683
13.9583 16.3896 4.67134 0.438889
3.12888 12.1943 6.01108 0.393433
13.238 9.21521 7.99532 0.47045
15.6143 13.8864 4.3246 0.567461
10.5472 7.63024 4.14004 0.430579
6.20887 11.1151 7.82392 0.516721
17.2853 8.42942 1.33697 0.328141
8.95225 9.26141 8.19151 0.332014
7.29672 11.7377 5.67864 0.312998
6.82474 6.15679 5.00953 0.554044
5.60371 12.7066 7.01805 0.349323
3.55754 7.85724 6.29333 0.427428
9.68862 7.77169 4.17524 0.438357
7.62556 7.64442 4.63324 0.510035
13.3767 13.801 7.26297 0.451767
14.2852 8.12435 6.8565 0.419261
14.5239 5.39287 5.62337 0.549914
13.818 4.78118 7.05276 0.518361
9.23273 15.0972 4.78097 0.339623
9.42121 11.5126 5.90156 0.201463
6.41929 6.76796 5.61633 0.38442
10.2459 10.3899 4.44255 0.326458
5.40028 7.091 4.07086 0.434009
16.8123 8.63808 2.71572 0.582353
8.44947 4.93855 7.45261 0.256535
14.5415 8.953 6.85765 0.44163
5.43004 11.9998 3.8944 0.294281
10.1485 11.445 8.98784 0.583593
5.4897 7.38909 6.31071 0.443168
8.89045 10.2627 6.64741 0.291305
3.45066 8.16966 5.43974 0.265472
10.4103 13.4681 3.97957 0.342495
8.07157 7.92644 9.17554 0.419338
10.1708 6.02756 6.53879 0.587238
5.49277 12.4012 7.99123 0.54885
10.8048 9.25088 5.60637 0.337849
10.4953 8.83539 4.9671 0.481152
7.81393 5.56163 9.10881 0.243584
12.3526 4.6475 5.80738 0.268157
7.79865 4.46681 1.83236 0.319517
10.5845 3.79055 5.23419 0.209448
9.03562 12.2275 6.46393 0.393911
4.51881 3.08617 4.82297 0.371074
11.2556 13.0899 4.33626 0.537476
8.31547 9.33737 6.28924 0.413046
7.2075 7.77514 8.0468 0.280246
10.5381 15.0067 3.88556 0.427707
4.45822 9.97578 5.50916 0.545484
11.4284 11.5122 6.83713 0.592433
5.83225 6.3424 6.02999 0.449756
17.1963 4.12444 3.8606 0.486641
10.0063 8.97695 6.11048 0.537743
5.89615 9.38322 7.84472 0.261031
15.1896 12.9086 4.81626 0.246057
12.4839 10.6676 7.67579 0.355466
10.0851 10.2909 6.86138 0.435427
10.7721 2.52887 3.85009 0.508175
9.55378 13.0983 7.52925 0.341414
7.22795 16.7452 4.14834 0.38413
8.55935 9.82493 4.77637 0.292096
13.239 12.8122 5.7728 0.205353
11.2676 10.9254 8.9385 0.24178
15.0409 10.5517 5.5273 0.207371
15.8117 5.78717 4.79313 0.563629
3.86709 10.2459 4.83847 0.301953
10.516 4.36757 8.58603 0.323851
7.3919 5.00925 3.45118 0.357145
4.60251 4.62572 7.31906 0.213947
9.67728 6.25729 3.99153 0.254378
10.8076 11.6233 4.72081 0.376385
10.5523 7.12189 6.98432 0.518114
4.66844 7.64852 3.52822 0.380573
7.52863 10.5863 3.16198 0.285176
10.7525 12.9103 5.21653 0.444491
3.1755 8.81786 7.85536 0.338725
9.84394 4.0689 5.41423 0.550845
13.3695 11.1028 7.78317 0.518999
14.9392 8.50813 7.72034 0.29668
11.8637 8.27941 8.54922 0.361867
11.0918 5.42767 7.78526 0.519868
8.85309 7.62564 6.82515 0.288773
14.0613 11.4812 5.49039 0.392541
4.52982 12.0011 5.18733 0.485211
13.7859 14.8607 5.72944 0.399499
7.94018 8.53565 5.58673 0.305038
8.61022 7.96583 5.03951 0.565327
8.24403 11.765 5.00049 0.420866
